2
34 34
-0.770953 0.573237 0.083333 0.500000 1.000000
-0.756905 0.495089 0.108586 0.500000 1.000000
-0.736149 0.411607 0.133838 0.500000 1.000000
-0.709256 0.327597 0.159091 0.500000 1.000000
-0.676796 0.245607 0.184343 0.500000 1.000000
-0.639336 0.167191 0.209596 0.500000 1.000000
-0.597424 0.093376 0.234848 0.500000 1.000000
-0.551577 0.024877 0.260101 0.500000 1.000000
-0.502273 -0.037788 0.285354 0.500000 1.000000
-0.449958 -0.094229 0.310606 0.500000 1.000000
-0.395045 -0.144151 0.335859 0.500000 1.000000
-0.337921 -0.187320 0.361111 0.500000 1.000000
-0.278954 -0.223553 0.386364 0.500000 1.000000
-0.218494 -0.252705 0.411616 0.500000 1.000000
-0.156884 -0.274664 0.436869 0.500000 1.000000
-0.094456 -0.289348 0.462121 0.500000 1.000000
-0.031540 -0.296704 0.487374 0.500000 1.000000
0.031540 -0.296704 0.512626 0.500000 1.000000
0.094456 -0.289348 0.537879 0.500000 1.000000
0.156884 -0.274664 0.563131 0.500000 1.000000
0.218494 -0.252705 0.588384 0.500000 1.000000
0.278954 -0.223553 0.613636 0.500000 1.000000
0.337921 -0.187320 0.638889 0.500000 1.000000
0.395045 -0.144151 0.664141 0.500000 1.000000
0.449958 -0.094229 0.689394 0.500000 1.000000
0.502273 -0.037788 0.714646 0.500000 1.000000
0.551577 0.024877 0.739899 0.500000 1.000000
0.597424 0.093376 0.765152 0.500000 1.000000
0.639336 0.167191 0.790404 0.500000 1.000000
0.676796 0.245607 0.815657 0.500000 1.000000
0.709256 0.327597 0.840909 0.500000 1.000000
0.736149 0.411607 0.866162 0.500000 1.000000
0.756905 0.495089 0.891414 0.500000 1.000000
0.770953 0.573237 0.916667 0.500000 1.000000
-0.757296 0.439374 0.083333 0.492424 1.000000
-0.745342 0.392432 0.108586 0.492424 1.000000
-0.725932 0.328823 0.133838 0.492424 1.000000
-0.700107 0.258564 0.159091 0.492424 1.000000
-0.668589 0.186610 0.184343 0.492424 1.000000
-0.632001 0.115781 0.209596 0.492424 1.000000
-0.590907 0.047841 0.234848 0.492424 1.000000
-0.545831 -0.016034 0.260101 0.492424 1.000000
-0.497256 -0.075022 0.285354 0.492424 1.000000
-0.445631 -0.128526 0.310606 0.492424 1.000000
-0.391371 -0.176101 0.335859 0.492424 1.000000
-0.334868 -0.217408 0.361111 0.492424 1.000000
-0.276493 -0.252184 0.386364 0.492424 1.000000
-0.216604 -0.280230 0.411616 0.492424 1.000000
-0.155547 -0.301391 0.436869 0.492424 1.000000
-0.093659 -0.315558 0.462121 0.492424 1.000000
-0.031275 -0.322659 0.487374 0.492424 1.000000
0.031275 -0.322659 0.512626 0.492424 1.000000
0.093659 -0.315558 0.537879 0.492424 1.000000
0.155547 -0.301391 0.563131 0.492424 1.000000
0.216604 -0.280230 0.588384 0.492424 1.000000
0.276493 -0.252184 0.613636 0.492424 1.000000
0.334868 -0.217408 0.638889 0.492424 1.000000
0.391371 -0.176101 0.664141 0.492424 1.000000
0.445631 -0.128526 0.689394 0.492424 1.000000
0.497256 -0.075022 0.714646 0.492424 1.000000
0.545831 -0.016034 0.739899 0.492424 1.000000
0.590907 0.047841 0.765152 0.492424 1.000000
0.632001 0.115781 0.790404 0.492424 1.000000
0.668589 0.186610 0.815657 0.492424 1.000000
0.700107 0.258564 0.840909 0.492424 1.000000
0.725932 0.328823 0.866162 0.492424 1.000000
0.745342 0.392432 0.891414 0.492424 1.000000
0.757296 0.439374 0.916667 0.492424 1.000000
-0.739811 0.307935 0.083333 0.484848 1.000000
-0.731301 0.290705 0.108586 0.484848 1.000000
-0.713918 0.246453 0.133838 0.484848 1.000000
-0.689550 0.189759 0.159091 0.484848 1.000000
-0.659223 0.127787 0.184343 0.484848 1.000000
-0.623676 0.064553 0.209596 0.484848 1.000000
-0.583530 0.002526 0.234848 0.484848 1.000000
-0.539333 -0.056673 0.260101 0.484848 1.000000
-0.491580 -0.111927 0.285354 0.484848 1.000000
-0.440729 -0.162437 0.310606 0.484848 1.000000
-0.387202 -0.207611 0.335859 0.484848 1.000000
-0.331398 -0.247007 0.361111 0.484848 1.000000
-0.273693 -0.280286 0.386364 0.484848 1.000000
-0.214450 -0.307190 0.411616 0.484848 1.000000
-0.154021 -0.327527 0.436869 0.484848 1.000000
-0.092748 -0.341159 0.462121 0.484848 1.000000
-0.030972 -0.347997 0.487374 0.484848 1.000000
0.030972 -0.347997 0.512626 0.484848 1.000000
0.092748 -0.341159 0.537879 0.484848 1.000000
0.154021 -0.327527 0.563131 0.484848 1.000000
0.214450 -0.307190 0.588384 0.484848 1.000000
0.273693 -0.280286 0.613636 0.484848 1.000000
0.331398 -0.247007 0.638889 0.484848 1.000000
0.387202 -0.207611 0.664141 0.484848 1.000000
0.440729 -0.162437 0.689394 0.484848 1.000000
0.491580 -0.111927 0.714646 0.484848 1.000000
0.539333 -0.056673 0.739899 0.484848 1.000000
0.583530 0.002526 0.765152 0.484848 1.000000
0.623676 0.064553 0.790404 0.484848 1.000000
0.659223 0.127787 0.815657 0.484848 1.000000
0.689550 0.189759 0.840909 0.484848 1.000000
0.713918 0.246453 0.866162 0.484848 1.000000
0.731301 0.290705 0.891414 0.484848 1.000000
0.739811 0.307935 0.916667 0.484848 1.000000
-0.718750 0.180611 0.083333 0.477273 1.000000
-0.714857 0.190701 0.108586 0.477273 1.000000
-0.700134 0.164917 0.133838 0.477273 1.000000
-0.677599 0.121420 0.159091 0.477273 1.000000
-0.648703 0.069281 0.184343 0.477273 1.000000
-0.614369 0.013595 0.209596 0.477273 1.000000
-0.575300 -0.042514 0.234848 0.477273 1.000000
-0.532087 -0.097007 0.260101 0.477273 1.000000
-0.485248 -0.148486 0.285354 0.477273 1.000000
-0.435256 -0.195954 0.310606 0.477273 1.000000
-0.382542 -0.238681 0.335859 0.477273 1.000000
-0.327514 -0.276122 0.361111 0.477273 1.000000
-0.270555 -0.307865 0.386364 0.477273 1.000000
-0.212034 -0.333596 0.411616 0.477273 1.000000
-0.152308 -0.353084 0.436869 0.477273 1.000000
-0.091726 -0.366165 0.462121 0.477273 1.000000
-0.030632 -0.372731 0.487374 0.477273 1.000000
0.030632 -0.372731 0.512626 0.477273 1.000000
0.091726 -0.366165 0.537879 0.477273 1.000000
0.152308 -0.353084 0.563131 0.477273 1.000000
0.212034 -0.333596 0.588384 0.477273 1.000000
0.270555 -0.307865 0.613636 0.477273 1.000000
0.327514 -0.276122 0.638889 0.477273 1.000000
0.382542 -0.238681 0.664141 0.477273 1.000000
0.435256 -0.195954 0.689394 0.477273 1.000000
0.485248 -0.148486 0.714646 0.477273 1.000000
0.532087 -0.097007 0.739899 0.477273 1.000000
0.575300 -0.042514 0.765152 0.477273 1.000000
0.614369 0.013595 0.790404 0.477273 1.000000
0.648703 0.069281 0.815657 0.477273 1.000000
0.677599 0.121420 0.840909 0.477273 1.000000
0.700134 0.164917 0.866162 0.477273 1.000000
0.714857 0.190701 0.891414 0.477273 1.000000
0.718750 0.180611 0.916667 0.477273 1.000000
-0.694485 0.058923 0.083333 0.469697 1.000000
-0.696131 0.093192 0.108586 0.469697 1.000000
-0.684627 0.084636 0.133838 0.469697 1.000000
-0.664273 0.053794 0.159091 0.469697 1.000000
-0.637040 0.011243 0.184343 0.469697 1.000000
-0.604085 -0.036998 0.209596 0.469697 1.000000
-0.566221 -0.087221 0.234848 0.469697 1.000000
-0.524096 -0.137001 0.260101 0.469697 1.000000
-0.478264 -0.184677 0.285354 0.469697 1.000000
-0.429214 -0.229067 0.310606 0.469697 1.000000
-0.377394 -0.269308 0.335859 0.469697 1.000000
-0.323219 -0.304756 0.361111 0.469697 1.000000
-0.267082 -0.334928 0.386364 0.469697 1.000000
-0.209357 -0.359457 0.411616 0.469697 1.000000
-0.150409 -0.378074 0.436869 0.469697 1.000000
-0.090591 -0.390587 0.462121 0.469697 1.000000
-0.030255 -0.396874 0.487374 0.469697 1.000000
0.030255 -0.396874 0.512626 0.469697 1.000000
0.090591 -0.390587 0.537879 0.469697 1.000000
0.150409 -0.378074 0.563131 0.469697 1.000000
0.209357 -0.359457 0.588384 0.469697 1.000000
0.267082 -0.334928 0.613636 0.469697 1.000000
0.323219 -0.304756 0.638889 0.469697 1.000000
0.377394 -0.269308 0.664141 0.469697 1.000000
0.429214 -0.229067 0.689394 0.469697 1.000000
0.478264 -0.184677 0.714646 0.469697 1.000000
0.524096 -0.137001 0.739899 0.469697 1.000000
0.566221 -0.087221 0.765152 0.469697 1.000000
0.604085 -0.036998 0.790404 0.469697 1.000000
0.637040 0.011243 0.815657 0.469697 1.000000
0.664273 0.053794 0.840909 0.469697 1.000000
0.684627 0.084636 0.866162 0.469697 1.000000
0.696131 0.093192 0.891414 0.469697 1.000000
0.694485 0.058923 0.916667 0.469697 1.000000
-0.667484 -0.055866 0.083333 0.462121 1.000000
-0.675289 -0.001097 0.108586 0.462121 1.000000
-0.667461 0.006031 0.133838 0.462121 1.000000
-0.649600 -0.012865 0.159091 0.462121 1.000000
-0.624248 -0.046170 0.184343 0.462121 1.000000
-0.592830 -0.087127 0.209596 0.462121 1.000000
-0.556296 -0.131531 0.234848 0.462121 1.000000
-0.515364 -0.176615 0.260101 0.462121 1.000000
-0.470630 -0.220477 0.285354 0.462121 1.000000
-0.422607 -0.261764 0.310606 0.462121 1.000000
-0.371759 -0.299487 0.335859 0.462121 1.000000
-0.318514 -0.332910 0.361111 0.462121 1.000000
-0.263273 -0.361480 0.386364 0.462121 1.000000
-0.206420 -0.384781 0.411616 0.462121 1.000000
-0.148324 -0.402506 0.436869 0.462121 1.000000
-0.089346 -0.414438 0.462121 0.462121 1.000000
-0.029840 -0.420438 0.487374 0.462121 1.000000
0.029840 -0.420438 0.512626 0.462121 1.000000
0.089346 -0.414438 0.537879 0.462121 1.000000
0.148324 -0.402506 0.563131 0.462121 1.000000
0.206420 -0.384781 0.588384 0.462121 1.000000
0.263273 -0.361480 0.613636 0.462121 1.000000
0.318514 -0.332910 0.638889 0.462121 1.000000
0.371759 -0.299487 0.664141 0.462121 1.000000
0.422607 -0.261764 0.689394 0.462121 1.000000
0.470630 -0.220477 0.714646 0.462121 1.000000
0.515364 -0.176615 0.739899 0.462121 1.000000
0.556296 -0.131531 0.765152 0.462121 1.000000
0.592830 -0.087127 0.790404 0.462121 1.000000
0.624248 -0.046170 0.815657 0.462121 1.000000
0.649600 -0.012865 0.840909 0.462121 1.000000
0.667461 0.006031 0.866162 0.462121 1.000000
0.675289 -0.001097 0.891414 0.462121 1.000000
0.667484 -0.055866 0.916667 0.462121 1.000000
-0.638271 -0.162804 0.083333 0.454545 1.000000
-0.652532 -0.091515 0.108586 0.454545 1.000000
-0.648721 -0.070492 0.133838 0.454545 1.000000
-0.633616 -0.078305 0.159091 0.454545 1.000000
-0.610342 -0.102795 0.184343 0.454545 1.000000
-0.580613 -0.136687 0.209596 0.454545 1.000000
-0.545529 -0.175377 0.234848 0.454545 1.000000
-0.505893 -0.215806 0.260101 0.454545 1.000000
-0.462346 -0.255860 0.285354 0.454545 1.000000
-0.415433 -0.294031 0.310606 0.454545 1.000000
-0.365636 -0.329213 0.335859 0.454545 1.000000
-0.313398 -0.360584 0.361111 0.454545 1.000000
-0.259130 -0.387526 0.386364 0.454545 1.000000
-0.203223 -0.409576 0.411616 0.454545 1.000000
-0.146053 -0.426390 0.436869 0.454545 1.000000
-0.087989 -0.437727 0.462121 0.454545 1.000000
-0.029389 -0.443434 0.487374 0.454545 1.000000
0.029389 -0.443434 0.512626 0.454545 1.000000
0.087989 -0.437727 0.537879 0.454545 1.000000
0.146053 -0.426390 0.563131 0.454545 1.000000
0.203223 -0.409576 0.588384 0.454545 1.000000
0.259130 -0.387526 0.613636 0.454545 1.000000
0.313398 -0.360584 0.638889 0.454545 1.000000
0.365636 -0.329213 0.664141 0.454545 1.000000
0.415433 -0.294031 0.689394 0.454545 1.000000
0.462346 -0.255860 0.714646 0.454545 1.000000
0.505893 -0.215806 0.739899 0.454545 1.000000
0.545529 -0.175377 0.765152 0.454545 1.000000
0.580613 -0.136687 0.790404 0.454545 1.000000
0.610342 -0.102795 0.815657 0.454545 1.000000
0.633616 -0.078305 0.840909 0.454545 1.000000
0.648721 -0.070492 0.866162 0.454545 1.000000
0.652532 -0.091515 0.891414 0.454545 1.000000
0.638271 -0.162804 0.916667 0.454545 1.000000
-0.607395 -0.261272 0.083333 0.446970 1.000000
-0.628095 -0.177502 0.108586 0.446970 1.000000
-0.628509 -0.144548 0.133838 0.446970 1.000000
-0.616370 -0.142270 0.159091 0.446970 1.000000
-0.595346 -0.158467 0.184343 0.446970 1.000000
-0.567444 -0.185570 0.209596 0.446970 1.000000
-0.533925 -0.218687 0.234848 0.446970 1.000000
-0.495683 -0.254528 0.260101 0.446970 1.000000
-0.453413 -0.290798 0.285354 0.446970 1.000000
-0.407692 -0.325850 0.310606 0.446970 1.000000
-0.359026 -0.358477 0.335859 0.446970 1.000000
-0.307871 -0.387776 0.361111 0.446970 1.000000
-0.254651 -0.413068 0.386364 0.446970 1.000000
-0.199765 -0.433846 0.411616 0.446970 1.000000
-0.143596 -0.449732 0.436869 0.446970 1.000000
-0.086520 -0.460464 0.462121 0.446970 1.000000
-0.028900 -0.465871 0.487374 0.446970 1.000000
0.028900 -0.465871 0.512626 0.446970 1.000000
0.086520 -0.460464 0.537879 0.446970 1.000000
0.143596 -0.449732 0.563131 0.446970 1.000000
0.199765 -0.433846 0.588384 0.446970 1.000000
0.254651 -0.413068 0.613636 0.446970 1.000000
0.307871 -0.387776 0.638889 0.446970 1.000000
0.359026 -0.358477 0.664141 0.446970 1.000000
0.407692 -0.325850 0.689394 0.446970 1.000000
0.453413 -0.290798 0.714646 0.446970 1.000000
0.495683 -0.254528 0.739899 0.446970 1.000000
0.533925 -0.218687 0.765152 0.446970 1.000000
0.567444 -0.185570 0.790404 0.446970 1.000000
0.595346 -0.158467 0.815657 0.446970 1.000000
0.616370 -0.142270 0.840909 0.446970 1.000000
0.628509 -0.144548 0.866162 0.446970 1.000000
0.628095 -0.177502 0.891414 0.446970 1.000000
0.607395 -0.261272 0.916667 0.446970 1.000000
-0.575392 -0.350965 0.083333 0.439394 1.000000
-0.602229 -0.258606 0.108586 0.439394 1.000000
-0.606945 -0.215783 0.133838 0.439394 1.000000
-0.597918 -0.204514 0.159091 0.439394 1.000000
-0.579286 -0.213017 0.184343 0.439394 1.000000
-0.553336 -0.233660 0.209596 0.439394 1.000000
-0.521490 -0.261385 0.234848 0.439394 1.000000
-0.484737 -0.292730 0.260101 0.439394 1.000000
-0.443830 -0.325257 0.285354 0.439394 1.000000
-0.399384 -0.357204 0.310606 0.439394 1.000000
-0.351926 -0.387270 0.335859 0.439394 1.000000
-0.301932 -0.414482 0.361111 0.439394 1.000000
-0.249834 -0.438108 0.386364 0.439394 1.000000
-0.196044 -0.457596 0.411616 0.439394 1.000000
-0.140952 -0.472541 0.436869 0.439394 1.000000
-0.084938 -0.482656 0.462121 0.439394 1.000000
-0.028374 -0.487758 0.487374 0.439394 1.000000
0.028374 -0.487758 0.512626 0.439394 1.000000
0.084938 -0.482656 0.537879 0.439394 1.000000
0.140952 -0.472541 0.563131 0.439394 1.000000
0.196044 -0.457596 0.588384 0.439394 1.000000
0.249834 -0.438108 0.613636 0.439394 1.000000
0.301932 -0.414482 0.638889 0.439394 1.000000
0.351926 -0.387270 0.664141 0.439394 1.000000
0.399384 -0.357204 0.689394 0.439394 1.000000
0.443830 -0.325257 0.714646 0.439394 1.000000
0.484737 -0.292730 0.739899 0.439394 1.000000
0.521490 -0.261385 0.765152 0.439394 1.000000
0.553336 -0.233660 0.790404 0.439394 1.000000
0.579286 -0.213017 0.815657 0.439394 1.000000
0.597918 -0.204514 0.840909 0.439394 1.000000
0.606945 -0.215783 0.866162 0.439394 1.000000
0.602229 -0.258606 0.891414 0.439394 1.000000
0.575392 -0.350965 0.916667 0.439394 1.000000
-0.542760 -0.431863 0.083333 0.431818 1.000000
-0.575202 -0.334490 0.108586 0.431818 1.000000
-0.584160 -0.283881 0.133838 0.431818 1.000000
-0.578325 -0.264798 0.159091 0.431818 1.000000
-0.562194 -0.266275 0.184343 0.431818 1.000000
-0.538303 -0.280841 0.209596 0.431818 1.000000
-0.508228 -0.303390 0.234848 0.431818 1.000000
-0.473056 -0.330359 0.260101 0.431818 1.000000
-0.433597 -0.359203 0.285354 0.431818 1.000000
-0.390505 -0.388069 0.310606 0.431818 1.000000
-0.344335 -0.415579 0.335859 0.431818 1.000000
-0.295576 -0.440698 0.361111 0.431818 1.000000
-0.244678 -0.462645 0.386364 0.431818 1.000000
-0.192060 -0.480831 0.411616 0.431818 1.000000
-0.138119 -0.494821 0.436869 0.431818 1.000000
-0.083244 -0.504311 0.462121 0.431818 1.000000
-0.027810 -0.509104 0.487374 0.431818 1.000000
0.027810 -0.509104 0.512626 0.431818 1.000000
0.083244 -0.504311 0.537879 0.431818 1.000000
0.138119 -0.494821 0.563131 0.431818 1.000000
0.192060 -0.480831 0.588384 0.431818 1.000000
0.244678 -0.462645 0.613636 0.431818 1.000000
0.295576 -0.440698 0.638889 0.431818 1.000000
0.344335 -0.415579 0.664141 0.431818 1.000000
0.390505 -0.388069 0.689394 0.431818 1.000000
0.433597 -0.359203 0.714646 0.431818 1.000000
0.473056 -0.330359 0.739899 0.431818 1.000000
0.508228 -0.303390 0.765152 0.431818 1.000000
0.538303 -0.280841 0.790404 0.431818 1.000000
0.562194 -0.266275 0.815657 0.431818 1.000000
0.578325 -0.264798 0.840909 0.431818 1.000000
0.584160 -0.283881 0.866162 0.431818 1.000000
0.575202 -0.334490 0.891414 0.431818 1.000000
0.542760 -0.431863 0.916667 0.431818 1.000000
-0.509940 -0.504176 0.083333 0.424242 1.000000
-0.547279 -0.404930 0.108586 0.424242 1.000000
-0.560301 -0.348573 0.133838 0.424242 1.000000
-0.557668 -0.322898 0.159091 0.424242 1.000000
-0.544109 -0.318074 0.184343 0.424242 1.000000
-0.522363 -0.326993 0.209596 0.424242 1.000000
-0.494148 -0.344619 0.234848 0.424242 1.000000
-0.460641 -0.367356 0.260101 0.424242 1.000000
-0.422712 -0.392599 0.285354 0.424242 1.000000
-0.381054 -0.418423 0.310606 0.424242 1.000000
-0.336248 -0.443391 0.335859 0.424242 1.000000
-0.288803 -0.466418 0.361111 0.424242 1.000000
-0.239180 -0.486678 0.386364 0.424242 1.000000
-0.187808 -0.503552 0.411616 0.424242 1.000000
-0.135096 -0.516579 0.436869 0.424242 1.000000
-0.081435 -0.525436 0.462121 0.424242 1.000000
-0.027208 -0.529916 0.487374 0.424242 1.000000
0.027208 -0.529916 0.512626 0.424242 1.000000
0.081435 -0.525436 0.537879 0.424242 1.000000
0.135096 -0.516579 0.563131 0.424242 1.000000
0.187808 -0.503552 0.588384 0.424242 1.000000
0.239180 -0.486678 0.613636 0.424242 1.000000
0.288803 -0.466418 0.638889 0.424242 1.000000
0.336248 -0.443391 0.664141 0.424242 1.000000
0.381054 -0.418423 0.689394 0.424242 1.000000
0.422712 -0.392599 0.714646 0.424242 1.000000
0.460641 -0.367356 0.739899 0.424242 1.000000
0.494148 -0.344619 0.765152 0.424242 1.000000
0.522363 -0.326993 0.790404 0.424242 1.000000
0.544109 -0.318074 0.815657 0.424242 1.000000
0.557668 -0.322898 0.840909 0.424242 1.000000
0.560301 -0.348573 0.866162 0.424242 1.000000
0.547279 -0.404930 0.891414 0.424242 1.000000
0.509940 -0.504176 0.916667 0.424242 1.000000
-0.477307 -0.568286 0.083333 0.416667 1.000000
-0.518721 -0.469816 0.108586 0.416667 1.000000
-0.535517 -0.409634 0.133838 0.416667 1.000000
-0.536028 -0.378606 0.159091 0.416667 1.000000
-0.525074 -0.368249 0.184343 0.416667 1.000000
-0.505539 -0.371993 0.209596 0.416667 1.000000
-0.479260 -0.384983 0.234848 0.416667 1.000000
-0.447495 -0.403662 0.260101 0.416667 1.000000
-0.411174 -0.425401 0.285354 0.416667 1.000000
-0.371027 -0.448238 0.310606 0.416667 1.000000
-0.327662 -0.470690 0.335859 0.416667 1.000000
-0.281606 -0.491632 0.361111 0.416667 1.000000
-0.233335 -0.510206 0.386364 0.416667 1.000000
-0.183288 -0.525762 0.411616 0.416667 1.000000
-0.131880 -0.537819 0.436869 0.416667 1.000000
-0.079510 -0.546038 0.462121 0.416667 1.000000
-0.026567 -0.550201 0.487374 0.416667 1.000000
0.026567 -0.550201 0.512626 0.416667 1.000000
0.079510 -0.546038 0.537879 0.416667 1.000000
0.131880 -0.537819 0.563131 0.416667 1.000000
0.183288 -0.525762 0.588384 0.416667 1.000000
0.233335 -0.510206 0.613636 0.416667 1.000000
0.281606 -0.491632 0.638889 0.416667 1.000000
0.327662 -0.470690 0.664141 0.416667 1.000000
0.371027 -0.448238 0.689394 0.416667 1.000000
0.411174 -0.425401 0.714646 0.416667 1.000000
0.447495 -0.403662 0.739899 0.416667 1.000000
0.479260 -0.384983 0.765152 0.416667 1.000000
0.505539 -0.371993 0.790404 0.416667 1.000000
0.525074 -0.368249 0.815657 0.416667 1.000000
0.536028 -0.378606 0.840909 0.416667 1.000000
0.535517 -0.409634 0.866162 0.416667 1.000000
0.518721 -0.469816 0.891414 0.416667 1.000000
0.477307 -0.568286 0.916667 0.416667 1.000000
-0.445166 -0.624694 0.083333 0.409091 1.000000
-0.489774 -0.529136 0.108586 0.409091 1.000000
-0.509966 -0.466895 0.133838 0.409091 1.000000
-0.513498 -0.431735 0.159091 0.409091 1.000000
-0.505140 -0.416642 0.184343 0.409091 1.000000
-0.487856 -0.415718 0.209596 0.409091 1.000000
-0.463573 -0.424393 0.234848 0.409091 1.000000
-0.433621 -0.439211 0.260101 0.409091 1.000000
-0.398981 -0.457566 0.285354 0.409091 1.000000
-0.360420 -0.477484 0.310606 0.409091 1.000000
-0.318572 -0.497457 0.335859 0.409091 1.000000
-0.273982 -0.516332 0.361111 0.409091 1.000000
-0.227139 -0.533224 0.386364 0.409091 1.000000
-0.178494 -0.547461 0.411616 0.409091 1.000000
-0.128468 -0.558545 0.436869 0.409091 1.000000
-0.077468 -0.566122 0.462121 0.409091 1.000000
-0.025887 -0.569966 0.487374 0.409091 1.000000
0.025887 -0.569966 0.512626 0.409091 1.000000
0.077468 -0.566122 0.537879 0.409091 1.000000
0.128468 -0.558545 0.563131 0.409091 1.000000
0.178494 -0.547461 0.588384 0.409091 1.000000
0.227139 -0.533224 0.613636 0.409091 1.000000
0.273982 -0.516332 0.638889 0.409091 1.000000
0.318572 -0.497457 0.664141 0.409091 1.000000
0.360420 -0.477484 0.689394 0.409091 1.000000
0.398981 -0.457566 0.714646 0.409091 1.000000
0.433621 -0.439211 0.739899 0.409091 1.000000
0.463573 -0.424393 0.765152 0.409091 1.000000
0.487856 -0.415718 0.790404 0.409091 1.000000
0.505140 -0.416642 0.815657 0.409091 1.000000
0.513498 -0.431735 0.840909 0.409091 1.000000
0.509966 -0.466895 0.866162 0.409091 1.000000
0.489774 -0.529136 0.891414 0.409091 1.000000
0.445166 -0.624694 0.916667 0.409091 1.000000
-0.413754 -0.673972 0.083333 0.401515 1.000000
-0.460662 -0.582965 0.108586 0.401515 1.000000
-0.483804 -0.520236 0.133838 0.401515 1.000000
-0.490172 -0.482120 0.159091 0.401515 1.000000
-0.484361 -0.463101 0.184343 0.401515 1.000000
-0.469343 -0.458046 0.209596 0.401515 1.000000
-0.447103 -0.462753 0.234848 0.401515 1.000000
-0.419024 -0.473934 0.260101 0.401515 1.000000
-0.386134 -0.489045 0.285354 0.401515 1.000000
-0.349231 -0.506129 0.310606 0.401515 1.000000
-0.308973 -0.523672 0.335859 0.401515 1.000000
-0.265925 -0.540505 0.361111 0.401515 1.000000
-0.220588 -0.555727 0.386364 0.401515 1.000000
-0.173422 -0.568649 0.411616 0.401515 1.000000
-0.124857 -0.578759 0.436869 0.401515 1.000000
-0.075306 -0.585693 0.462121 0.401515 1.000000
-0.025167 -0.589217 0.487374 0.401515 1.000000
0.025167 -0.589217 0.512626 0.401515 1.000000
0.075306 -0.585693 0.537879 0.401515 1.000000
0.124857 -0.578759 0.563131 0.401515 1.000000
0.173422 -0.568649 0.588384 0.401515 1.000000
0.220588 -0.555727 0.613636 0.401515 1.000000
0.265925 -0.540505 0.638889 0.401515 1.000000
0.308973 -0.523672 0.664141 0.401515 1.000000
0.349231 -0.506129 0.689394 0.401515 1.000000
0.386134 -0.489045 0.714646 0.401515 1.000000
0.419024 -0.473934 0.739899 0.401515 1.000000
0.447103 -0.462753 0.765152 0.401515 1.000000
0.469343 -0.458046 0.790404 0.401515 1.000000
0.484361 -0.463101 0.815657 0.401515 1.000000
0.490172 -0.482120 0.840909 0.401515 1.000000
0.483804 -0.520236 0.866162 0.401515 1.000000
0.460662 -0.582965 0.891414 0.401515 1.000000
0.413754 -0.673972 0.916667 0.401515 1.000000
-0.383248 -0.716720 0.083333 0.393939 1.000000
-0.431590 -0.631449 0.108586 0.393939 1.000000
-0.457186 -0.569586 0.133838 0.393939 1.000000
-0.466154 -0.529623 0.159091 0.393939 1.000000
-0.462797 -0.507483 0.184343 0.393939 1.000000
-0.450034 -0.498854 0.209596 0.393939 1.000000
-0.429864 -0.499970 0.234848 0.393939 1.000000
-0.403709 -0.507760 0.260101 0.393939 1.000000
-0.372629 -0.519788 0.285354 0.393939 1.000000
-0.337453 -0.534138 0.310606 0.393939 1.000000
-0.298859 -0.549312 0.335859 0.393939 1.000000
-0.257429 -0.564139 0.361111 0.393939 1.000000
-0.213675 -0.577709 0.386364 0.393939 1.000000
-0.168067 -0.589325 0.411616 0.393939 1.000000
-0.121044 -0.598464 0.436869 0.393939 1.000000
-0.073022 -0.604755 0.462121 0.393939 1.000000
-0.024407 -0.607960 0.487374 0.393939 1.000000
0.024407 -0.607960 0.512626 0.393939 1.000000
0.073022 -0.604755 0.537879 0.393939 1.000000
0.121044 -0.598464 0.563131 0.393939 1.000000
0.168067 -0.589325 0.588384 0.393939 1.000000
0.213675 -0.577709 0.613636 0.393939 1.000000
0.257429 -0.564139 0.638889 0.393939 1.000000
0.298859 -0.549312 0.664141 0.393939 1.000000
0.337453 -0.534138 0.689394 0.393939 1.000000
0.372629 -0.519788 0.714646 0.393939 1.000000
0.403709 -0.507760 0.739899 0.393939 1.000000
0.429864 -0.499970 0.765152 0.393939 1.000000
0.450034 -0.498854 0.790404 0.393939 1.000000
0.462797 -0.507483 0.815657 0.393939 1.000000
0.466154 -0.529623 0.840909 0.393939 1.000000
0.457186 -0.569586 0.866162 0.393939 1.000000
0.431590 -0.631449 0.891414 0.393939 1.000000
0.383248 -0.716720 0.916667 0.393939 1.000000
-0.353772 -0.753540 0.083333 0.386364 1.000000
-0.402733 -0.674792 0.108586 0.386364 1.000000
-0.430260 -0.614923 0.133838 0.386364 1.000000
-0.441545 -0.574131 0.159091 0.386364 1.000000
-0.440515 -0.549658 0.184343 0.386364 1.000000
-0.429965 -0.538024 0.209596 0.386364 1.000000
-0.411876 -0.535944 0.234848 0.386364 1.000000
-0.387683 -0.540614 0.260101 0.386364 1.000000
-0.358469 -0.549737 0.285354 0.386364 1.000000
-0.325084 -0.561472 0.310606 0.386364 1.000000
-0.288225 -0.574351 0.335859 0.386364 1.000000
-0.248486 -0.587217 0.361111 0.386364 1.000000
-0.206394 -0.599163 0.386364 0.386364 1.000000
-0.162425 -0.609486 0.411616 0.386364 1.000000
-0.117024 -0.617662 0.436869 0.386364 1.000000
-0.070614 -0.623314 0.462121 0.386364 1.000000
-0.023604 -0.626199 0.487374 0.386364 1.000000
0.023604 -0.626199 0.512626 0.386364 1.000000
0.070614 -0.623314 0.537879 0.386364 1.000000
0.117024 -0.617662 0.563131 0.386364 1.000000
0.162425 -0.609486 0.588384 0.386364 1.000000
0.206394 -0.599163 0.613636 0.386364 1.000000
0.248486 -0.587217 0.638889 0.386364 1.000000
0.288225 -0.574351 0.664141 0.386364 1.000000
0.325084 -0.561472 0.689394 0.386364 1.000000
0.358469 -0.549737 0.714646 0.386364 1.000000
0.387683 -0.540614 0.739899 0.386364 1.000000
0.411876 -0.535944 0.765152 0.386364 1.000000
0.429965 -0.538024 0.790404 0.386364 1.000000
0.440515 -0.549658 0.815657 0.386364 1.000000
0.441545 -0.574131 0.840909 0.386364 1.000000
0.430260 -0.614923 0.866162 0.386364 1.000000
0.402733 -0.674792 0.891414 0.386364 1.000000
0.353772 -0.753540 0.916667 0.386364 1.000000
-0.325405 -0.785013 0.083333 0.378788 1.000000
-0.374242 -0.713239 0.108586 0.378788 1.000000
-0.403166 -0.656268 0.133838 0.378788 1.000000
-0.416451 -0.615560 0.159091 0.378788 1.000000
-0.417583 -0.589509 0.184343 0.378788 1.000000
-0.409179 -0.575442 0.209596 0.378788 1.000000
-0.393161 -0.570579 0.234848 0.378788 1.000000
-0.370955 -0.572418 0.260101 0.378788 1.000000
-0.343653 -0.578836 0.285354 0.378788 1.000000
-0.312118 -0.588089 0.310606 0.378788 1.000000
-0.277062 -0.598762 0.335859 0.378788 1.000000
-0.239090 -0.609723 0.361111 0.378788 1.000000
-0.198737 -0.620078 0.386364 0.378788 1.000000
-0.156487 -0.629130 0.411616 0.378788 1.000000
-0.112792 -0.636354 0.436869 0.378788 1.000000
-0.068079 -0.641372 0.462121 0.378788 1.000000
-0.022760 -0.643941 0.487374 0.378788 1.000000
0.022760 -0.643941 0.512626 0.378788 1.000000
0.068079 -0.641372 0.537879 0.378788 1.000000
0.112792 -0.636354 0.563131 0.378788 1.000000
0.156487 -0.629130 0.588384 0.378788 1.000000
0.198737 -0.620078 0.613636 0.378788 1.000000
0.239090 -0.609723 0.638889 0.378788 1.000000
0.277062 -0.598762 0.664141 0.378788 1.000000
0.312118 -0.588089 0.689394 0.378788 1.000000
0.343653 -0.578836 0.714646 0.378788 1.000000
0.370955 -0.572418 0.739899 0.378788 1.000000
0.393161 -0.570579 0.765152 0.378788 1.000000
0.409179 -0.575442 0.790404 0.378788 1.000000
0.417583 -0.589509 0.815657 0.378788 1.000000
0.416451 -0.615560 0.840909 0.378788 1.000000
0.403166 -0.656268 0.866162 0.378788 1.000000
0.374242 -0.713239 0.891414 0.378788 1.000000
0.325405 -0.785013 0.916667 0.378788 1.000000
-0.298192 -0.811687 0.083333 0.371212 1.000000
-0.346242 -0.747061 0.108586 0.371212 1.000000
-0.376037 -0.693679 0.133838 0.371212 1.000000
-0.390976 -0.653851 0.159091 0.371212 1.000000
-0.394074 -0.626932 0.184343 0.371212 1.000000
-0.387721 -0.610996 0.209596 0.371212 1.000000
-0.373743 -0.603775 0.234848 0.371212 1.000000
-0.353535 -0.603091 0.260101 0.371212 1.000000
-0.328183 -0.607022 0.285354 0.371212 1.000000
-0.298553 -0.613943 0.310606 0.371212 1.000000
-0.265365 -0.622511 0.335859 0.371212 1.000000
-0.229232 -0.631636 0.361111 0.371212 1.000000
-0.190696 -0.640444 0.386364 0.371212 1.000000
-0.150248 -0.648252 0.411616 0.371212 1.000000
-0.108343 -0.654540 0.436869 0.371212 1.000000
-0.065412 -0.658933 0.462121 0.371212 1.000000
-0.021871 -0.661190 0.487374 0.371212 1.000000
0.021871 -0.661190 0.512626 0.371212 1.000000
0.065412 -0.658933 0.537879 0.371212 1.000000
0.108343 -0.654540 0.563131 0.371212 1.000000
0.150248 -0.648252 0.588384 0.371212 1.000000
0.190696 -0.640444 0.613636 0.371212 1.000000
0.229232 -0.631636 0.638889 0.371212 1.000000
0.265365 -0.622511 0.664141 0.371212 1.000000
0.298553 -0.613943 0.689394 0.371212 1.000000
0.328183 -0.607022 0.714646 0.371212 1.000000
0.353535 -0.603091 0.739899 0.371212 1.000000
0.373743 -0.603775 0.765152 0.371212 1.000000
0.387721 -0.610996 0.790404 0.371212 1.000000
0.394074 -0.626932 0.815657 0.371212 1.000000
0.390976 -0.653851 0.840909 0.371212 1.000000
0.376037 -0.693679 0.866162 0.371212 1.000000
0.346242 -0.747061 0.891414 0.371212 1.000000
0.298192 -0.811687 0.916667 0.371212 1.000000
-0.272150 -0.834066 0.083333 0.363636 1.000000
-0.318835 -0.776547 0.108586 0.363636 1.000000
-0.348992 -0.727246 0.133838 0.363636 1.000000
-0.365225 -0.688975 0.159091 0.363636 1.000000
-0.370064 -0.661840 0.184343 0.363636 1.000000
-0.365639 -0.644586 0.209596 0.363636 1.000000
-0.353651 -0.635436 0.234848 0.363636 1.000000
-0.335437 -0.632552 0.260101 0.363636 1.000000
-0.312061 -0.634230 0.285354 0.363636 1.000000
-0.284384 -0.638986 0.310606 0.363636 1.000000
-0.253125 -0.645566 0.335859 0.363636 1.000000
-0.218903 -0.652933 0.361111 0.363636 1.000000
-0.182263 -0.660247 0.386364 0.363636 1.000000
-0.143699 -0.666846 0.411616 0.363636 1.000000
-0.103670 -0.672219 0.436869 0.363636 1.000000
-0.062610 -0.676000 0.462121 0.363636 1.000000
-0.020938 -0.677949 0.487374 0.363636 1.000000
0.020938 -0.677949 0.512626 0.363636 1.000000
0.062610 -0.676000 0.537879 0.363636 1.000000
0.103670 -0.672219 0.563131 0.363636 1.000000
0.143699 -0.666846 0.588384 0.363636 1.000000
0.182263 -0.660247 0.613636 0.363636 1.000000
0.218903 -0.652933 0.638889 0.363636 1.000000
0.253125 -0.645566 0.664141 0.363636 1.000000
0.284384 -0.638986 0.689394 0.363636 1.000000
0.312061 -0.634230 0.714646 0.363636 1.000000
0.335437 -0.632552 0.739899 0.363636 1.000000
0.353651 -0.635436 0.765152 0.363636 1.000000
0.365639 -0.644586 0.790404 0.363636 1.000000
0.370064 -0.661840 0.815657 0.363636 1.000000
0.365225 -0.688975 0.840909 0.363636 1.000000
0.348992 -0.727246 0.866162 0.363636 1.000000
0.318835 -0.776547 0.891414 0.363636 1.000000
0.272150 -0.834066 0.916667 0.363636 1.000000
-0.247272 -0.852608 0.083333 0.356061 1.000000
-0.292099 -0.801989 0.108586 0.356061 1.000000
-0.322140 -0.757088 0.133838 0.356061 1.000000
-0.339297 -0.720924 0.159091 0.356061 1.000000
-0.345630 -0.694162 0.184343 0.356061 1.000000
-0.342987 -0.676114 0.209596 0.356061 1.000000
-0.332917 -0.665466 0.234848 0.356061 1.000000
-0.316677 -0.660714 0.260101 0.356061 1.000000
-0.295292 -0.660391 0.285354 0.356061 1.000000
-0.269607 -0.663166 0.310606 0.356061 1.000000
-0.240336 -0.667889 0.335859 0.356061 1.000000
-0.208094 -0.673590 0.361111 0.356061 1.000000
-0.173428 -0.679474 0.386364 0.356061 1.000000
-0.136832 -0.684904 0.411616 0.356061 1.000000
-0.098768 -0.689390 0.436869 0.356061 1.000000
-0.059670 -0.692574 0.462121 0.356061 1.000000
-0.019958 -0.694224 0.487374 0.356061 1.000000
0.019958 -0.694224 0.512626 0.356061 1.000000
0.059670 -0.692574 0.537879 0.356061 1.000000
0.098768 -0.689390 0.563131 0.356061 1.000000
0.136832 -0.684904 0.588384 0.356061 1.000000
0.173428 -0.679474 0.613636 0.356061 1.000000
0.208094 -0.673590 0.638889 0.356061 1.000000
0.240336 -0.667889 0.664141 0.356061 1.000000
0.269607 -0.663166 0.689394 0.356061 1.000000
0.295292 -0.660391 0.714646 0.356061 1.000000
0.316677 -0.660714 0.739899 0.356061 1.000000
0.332917 -0.665466 0.765152 0.356061 1.000000
0.342987 -0.676114 0.790404 0.356061 1.000000
0.345630 -0.694162 0.815657 0.356061 1.000000
0.339297 -0.720924 0.840909 0.356061 1.000000
0.322140 -0.757088 0.866162 0.356061 1.000000
0.292099 -0.801989 0.891414 0.356061 1.000000
0.247272 -0.852608 0.916667 0.356061 1.000000
-0.223538 -0.867727 0.083333 0.348485 1.000000
-0.266095 -0.823681 0.108586 0.348485 1.000000
-0.295574 -0.783343 0.133838 0.348485 1.000000
-0.313288 -0.749718 0.159091 0.348485 1.000000
-0.320850 -0.723844 0.184343 0.348485 1.000000
-0.319821 -0.705494 0.209596 0.348485 1.000000
-0.311575 -0.693771 0.234848 0.348485 1.000000
-0.297271 -0.687494 0.260101 0.348485 1.000000
-0.277881 -0.685433 0.285354 0.348485 1.000000
-0.254221 -0.686426 0.310606 0.348485 1.000000
-0.226989 -0.689438 0.335859 0.348485 1.000000
-0.196795 -0.693579 0.361111 0.348485 1.000000
-0.164179 -0.698107 0.386364 0.348485 1.000000
-0.129637 -0.702420 0.411616 0.348485 1.000000
-0.093627 -0.706051 0.436869 0.348485 1.000000
-0.056585 -0.708659 0.462121 0.348485 1.000000
-0.018930 -0.710018 0.487374 0.348485 1.000000
0.018930 -0.710018 0.512626 0.348485 1.000000
0.056585 -0.708659 0.537879 0.348485 1.000000
0.093627 -0.706051 0.563131 0.348485 1.000000
0.129637 -0.702420 0.588384 0.348485 1.000000
0.164179 -0.698107 0.613636 0.348485 1.000000
0.196795 -0.693579 0.638889 0.348485 1.000000
0.226989 -0.689438 0.664141 0.348485 1.000000
0.254221 -0.686426 0.689394 0.348485 1.000000
0.277881 -0.685433 0.714646 0.348485 1.000000
0.297271 -0.687494 0.739899 0.348485 1.000000
0.311575 -0.693771 0.765152 0.348485 1.000000
0.319821 -0.705494 0.790404 0.348485 1.000000
0.320850 -0.723844 0.815657 0.348485 1.000000
0.313288 -0.749718 0.840909 0.348485 1.000000
0.295574 -0.783343 0.866162 0.348485 1.000000
0.266095 -0.823681 0.891414 0.348485 1.000000
0.223538 -0.867727 0.916667 0.348485 1.000000
-0.200916 -0.879789 0.083333 0.340909 1.000000
-0.240864 -0.841906 0.108586 0.340909 1.000000
-0.269379 -0.806165 0.133838 0.340909 1.000000
-0.287289 -0.775395 0.159091 0.340909 1.000000
-0.295803 -0.750848 0.184343 0.340909 1.000000
-0.296199 -0.732650 0.209596 0.340909 1.000000
-0.289663 -0.720262 0.234848 0.340909 1.000000
-0.277241 -0.712804 0.260101 0.340909 1.000000
-0.259836 -0.709281 0.285354 0.340909 1.000000
-0.238223 -0.708706 0.310606 0.340909 1.000000
-0.213078 -0.710169 0.335859 0.340909 1.000000
-0.184994 -0.712869 0.361111 0.340909 1.000000
-0.154507 -0.716125 0.386364 0.340909 1.000000
-0.122104 -0.719381 0.411616 0.340909 1.000000
-0.088241 -0.722199 0.436869 0.340909 1.000000
-0.053352 -0.724254 0.462121 0.340909 1.000000
-0.017851 -0.725334 0.487374 0.340909 1.000000
0.017851 -0.725334 0.512626 0.340909 1.000000
0.053352 -0.724254 0.537879 0.340909 1.000000
0.088241 -0.722199 0.563131 0.340909 1.000000
0.122104 -0.719381 0.588384 0.340909 1.000000
0.154507 -0.716125 0.613636 0.340909 1.000000
0.184994 -0.712869 0.638889 0.340909 1.000000
0.213078 -0.710169 0.664141 0.340909 1.000000
0.238223 -0.708706 0.689394 0.340909 1.000000
0.259836 -0.709281 0.714646 0.340909 1.000000
0.277241 -0.712804 0.739899 0.340909 1.000000
0.289663 -0.720262 0.765152 0.340909 1.000000
0.296199 -0.732650 0.790404 0.340909 1.000000
0.295803 -0.750848 0.815657 0.340909 1.000000
0.287289 -0.775395 0.840909 0.340909 1.000000
0.269379 -0.806165 0.866162 0.340909 1.000000
0.240864 -0.841906 0.891414 0.340909 1.000000
0.200916 -0.879789 0.916667 0.340909 1.000000
-0.179367 -0.889121 0.083333 0.333333 1.000000
-0.216434 -0.856937 0.108586 0.333333 1.000000
-0.243625 -0.825718 0.133838 0.333333 1.000000
-0.261383 -0.798014 0.159091 0.333333 1.000000
-0.270567 -0.775154 0.184343 0.333333 1.000000
-0.272182 -0.757517 0.209596 0.333333 1.000000
-0.267224 -0.744854 0.234848 0.333333 1.000000
-0.256612 -0.736558 0.260101 0.333333 1.000000
-0.241167 -0.731858 0.285354 0.333333 1.000000
-0.221613 -0.729942 0.310606 0.333333 1.000000
-0.198594 -0.730032 0.335859 0.333333 1.000000
-0.172682 -0.731424 0.361111 0.333333 1.000000
-0.144398 -0.733509 0.386364 0.333333 1.000000
-0.114221 -0.735778 0.411616 0.333333 1.000000
-0.082600 -0.737828 0.436869 0.333333 1.000000
-0.049963 -0.739361 0.462121 0.333333 1.000000
-0.016721 -0.740176 0.487374 0.333333 1.000000
0.016721 -0.740176 0.512626 0.333333 1.000000
0.049963 -0.739361 0.537879 0.333333 1.000000
0.082600 -0.737828 0.563131 0.333333 1.000000
0.114221 -0.735778 0.588384 0.333333 1.000000
0.144398 -0.733509 0.613636 0.333333 1.000000
0.172682 -0.731424 0.638889 0.333333 1.000000
0.198594 -0.730032 0.664141 0.333333 1.000000
0.221613 -0.729942 0.689394 0.333333 1.000000
0.241167 -0.731858 0.714646 0.333333 1.000000
0.256612 -0.736558 0.739899 0.333333 1.000000
0.267224 -0.744854 0.765152 0.333333 1.000000
0.272182 -0.757517 0.790404 0.333333 1.000000
0.270567 -0.775154 0.815657 0.333333 1.000000
0.261383 -0.798014 0.840909 0.333333 1.000000
0.243625 -0.825718 0.866162 0.333333 1.000000
0.216434 -0.856937 0.891414 0.333333 1.000000
0.179367 -0.889121 0.916667 0.333333 1.000000
-0.158845 -0.896010 0.083333 0.325758 1.000000
-0.192822 -0.869031 0.108586 0.325758 1.000000
-0.218372 -0.842175 0.133838 0.325758 1.000000
-0.235650 -0.817649 0.159091 0.325758 1.000000
-0.245218 -0.796758 0.184343 0.325758 1.000000
-0.247833 -0.780038 0.209596 0.325758 1.000000
-0.244301 -0.767467 0.234848 0.325758 1.000000
-0.235409 -0.758670 0.260101 0.325758 1.000000
-0.221884 -0.753084 0.285354 0.325758 1.000000
-0.204391 -0.750067 0.310606 0.325758 1.000000
-0.183530 -0.748975 0.335859 0.325758 1.000000
-0.159845 -0.749208 0.361111 0.325758 1.000000
-0.133839 -0.750231 0.386364 0.325758 1.000000
-0.105976 -0.751595 0.411616 0.325758 1.000000
-0.076694 -0.752935 0.436869 0.325758 1.000000
-0.046413 -0.753980 0.462121 0.325758 1.000000
-0.015537 -0.754547 0.487374 0.325758 1.000000
0.015537 -0.754547 0.512626 0.325758 1.000000
0.046413 -0.753980 0.537879 0.325758 1.000000
0.076694 -0.752935 0.563131 0.325758 1.000000
0.105976 -0.751595 0.588384 0.325758 1.000000
0.133839 -0.750231 0.613636 0.325758 1.000000
0.159845 -0.749208 0.638889 0.325758 1.000000
0.183530 -0.748975 0.664141 0.325758 1.000000
0.204391 -0.750067 0.689394 0.325758 1.000000
0.221884 -0.753084 0.714646 0.325758 1.000000
0.235409 -0.758670 0.739899 0.325758 1.000000
0.244301 -0.767467 0.765152 0.325758 1.000000
0.247833 -0.780038 0.790404 0.325758 1.000000
0.245218 -0.796758 0.815657 0.325758 1.000000
0.235650 -0.817649 0.840909 0.325758 1.000000
0.218372 -0.842175 0.866162 0.325758 1.000000
0.192822 -0.869031 0.891414 0.325758 1.000000
0.158845 -0.896010 0.916667 0.325758 1.000000
-0.139304 -0.900706 0.083333 0.318182 1.000000
-0.170032 -0.878430 0.108586 0.318182 1.000000
-0.193668 -0.855708 0.133838 0.318182 1.000000
-0.210159 -0.834388 0.159091 0.318182 1.000000
-0.219830 -0.815672 0.184343 0.318182 1.000000
-0.223215 -0.800173 0.209596 0.318182 1.000000
-0.220943 -0.788029 0.234848 0.318182 1.000000
-0.213663 -0.779057 0.260101 0.318182 1.000000
-0.202004 -0.772878 0.285354 0.318182 1.000000
-0.186560 -0.769010 0.310606 0.318182 1.000000
-0.167879 -0.766941 0.335859 0.318182 1.000000
-0.146473 -0.766177 0.361111 0.318182 1.000000
-0.122817 -0.766266 0.386364 0.318182 1.000000
-0.097355 -0.766817 0.411616 0.318182 1.000000
-0.070512 -0.767512 0.436869 0.318182 1.000000
-0.042694 -0.768111 0.462121 0.318182 1.000000
-0.014296 -0.768451 0.487374 0.318182 1.000000
0.014296 -0.768451 0.512626 0.318182 1.000000
0.042694 -0.768111 0.537879 0.318182 1.000000
0.070512 -0.767512 0.563131 0.318182 1.000000
0.097355 -0.766817 0.588384 0.318182 1.000000
0.122817 -0.766266 0.613636 0.318182 1.000000
0.146473 -0.766177 0.638889 0.318182 1.000000
0.167879 -0.766941 0.664141 0.318182 1.000000
0.186560 -0.769010 0.689394 0.318182 1.000000
0.202004 -0.772878 0.714646 0.318182 1.000000
0.213663 -0.779057 0.739899 0.318182 1.000000
0.220943 -0.788029 0.765152 0.318182 1.000000
0.223215 -0.800173 0.790404 0.318182 1.000000
0.219830 -0.815672 0.815657 0.318182 1.000000
0.210159 -0.834388 0.840909 0.318182 1.000000
0.193668 -0.855708 0.866162 0.318182 1.000000
0.170032 -0.878430 0.891414 0.318182 1.000000
0.139304 -0.900706 0.916667 0.318182 1.000000
-0.120695 -0.903431 0.083333 0.310606 1.000000
-0.148063 -0.885355 0.108586 0.310606 1.000000
-0.169552 -0.866492 0.133838 0.310606 1.000000
-0.184976 -0.848330 0.159091 0.310606 1.000000
-0.194474 -0.831923 0.184343 0.310606 1.000000
-0.198394 -0.817889 0.209596 0.310606 1.000000
-0.197199 -0.806473 0.234848 0.310606 1.000000
-0.191407 -0.797637 0.260101 0.310606 1.000000
-0.181542 -0.791156 0.285354 0.310606 1.000000
-0.168122 -0.786695 0.310606 0.310606 1.000000
-0.151636 -0.783869 0.335859 0.310606 1.000000
-0.132554 -0.782286 0.361111 0.310606 1.000000
-0.111316 -0.781580 0.386364 0.310606 1.000000
-0.088344 -0.781425 0.411616 0.310606 1.000000
-0.064042 -0.781551 0.436869 0.310606 1.000000
-0.038799 -0.781753 0.462121 0.310606 1.000000
-0.012995 -0.781888 0.487374 0.310606 1.000000
0.012995 -0.781888 0.512626 0.310606 1.000000
0.038799 -0.781753 0.537879 0.310606 1.000000
0.064042 -0.781551 0.563131 0.310606 1.000000
0.088344 -0.781425 0.588384 0.310606 1.000000
0.111316 -0.781580 0.613636 0.310606 1.000000
0.132554 -0.782286 0.638889 0.310606 1.000000
0.151636 -0.783869 0.664141 0.310606 1.000000
0.168122 -0.786695 0.689394 0.310606 1.000000
0.181542 -0.791156 0.714646 0.310606 1.000000
0.191407 -0.797637 0.739899 0.310606 1.000000
0.197199 -0.806473 0.765152 0.310606 1.000000
0.198394 -0.817889 0.790404 0.310606 1.000000
0.194474 -0.831923 0.815657 0.310606 1.000000
0.184976 -0.848330 0.840909 0.310606 1.000000
0.169552 -0.866492 0.866162 0.310606 1.000000
0.148063 -0.885355 0.891414 0.310606 1.000000
0.120695 -0.903431 0.916667 0.310606 1.000000
-0.102972 -0.904376 0.083333 0.303030 1.000000
-0.126905 -0.890012 0.108586 0.303030 1.000000
-0.146054 -0.874697 0.133838 0.303030 1.000000
-0.160157 -0.859582 0.159091 0.303030 1.000000
-0.169218 -0.845548 0.184343 0.303030 1.000000
-0.173433 -0.833171 0.209596 0.303030 1.000000
-0.173123 -0.822743 0.234848 0.303030 1.000000
-0.168677 -0.814331 0.260101 0.303030 1.000000
-0.160519 -0.807835 0.285354 0.303030 1.000000
-0.149083 -0.803044 0.310606 0.303030 1.000000
-0.134795 -0.799690 0.335859 0.303030 1.000000
-0.118073 -0.797483 0.361111 0.303030 1.000000
-0.099321 -0.796138 0.386364 0.303030 1.000000
-0.078927 -0.795398 0.411616 0.303030 1.000000
-0.057271 -0.795043 0.436869 0.303030 1.000000
-0.034719 -0.794904 0.462121 0.303030 1.000000
-0.011632 -0.794863 0.487374 0.303030 1.000000
0.011632 -0.794863 0.512626 0.303030 1.000000
0.034719 -0.794904 0.537879 0.303030 1.000000
0.057271 -0.795043 0.563131 0.303030 1.000000
0.078927 -0.795398 0.588384 0.303030 1.000000
0.099321 -0.796138 0.613636 0.303030 1.000000
0.118073 -0.797483 0.638889 0.303030 1.000000
0.134795 -0.799690 0.664141 0.303030 1.000000
0.149083 -0.803044 0.689394 0.303030 1.000000
0.160519 -0.807835 0.714646 0.303030 1.000000
0.168677 -0.814331 0.739899 0.303030 1.000000
0.173123 -0.822743 0.765152 0.303030 1.000000
0.173433 -0.833171 0.790404 0.303030 1.000000
0.169218 -0.845548 0.815657 0.303030 1.000000
0.160157 -0.859582 0.840909 0.303030 1.000000
0.146054 -0.874697 0.866162 0.303030 1.000000
0.126905 -0.890012 0.891414 0.303030 1.000000
0.102972 -0.904376 0.916667 0.303030 1.000000
-0.086087 -0.903710 0.083333 0.295455 1.000000
-0.106545 -0.892590 0.108586 0.295455 1.000000
-0.123197 -0.880488 0.133838 0.295455 1.000000
-0.135751 -0.868260 0.159091 0.295455 1.000000
-0.144124 -0.856601 0.184343 0.295455 1.000000
-0.148397 -0.846011 0.209596 0.295455 1.000000
-0.148768 -0.836790 0.234848 0.295455 1.000000
-0.145514 -0.829066 0.260101 0.295455 1.000000
-0.138958 -0.822830 0.285354 0.295455 1.000000
-0.129451 -0.817975 0.310606 0.295455 1.000000
-0.117351 -0.814335 0.335859 0.295455 1.000000
-0.103020 -0.811712 0.361111 0.295455 1.000000
-0.086815 -0.809902 0.386364 0.295455 1.000000
-0.069087 -0.808712 0.411616 0.295455 1.000000
-0.050183 -0.807976 0.436869 0.295455 1.000000
-0.030443 -0.807562 0.462121 0.295455 1.000000
-0.010203 -0.807378 0.487374 0.295455 1.000000
0.010203 -0.807378 0.512626 0.295455 1.000000
0.030443 -0.807562 0.537879 0.295455 1.000000
0.050183 -0.807976 0.563131 0.295455 1.000000
0.069087 -0.808712 0.588384 0.295455 1.000000
0.086815 -0.809902 0.613636 0.295455 1.000000
0.103020 -0.811712 0.638889 0.295455 1.000000
0.117351 -0.814335 0.664141 0.295455 1.000000
0.129451 -0.817975 0.689394 0.295455 1.000000
0.138958 -0.822830 0.714646 0.295455 1.000000
0.145514 -0.829066 0.739899 0.295455 1.000000
0.148768 -0.836790 0.765152 0.295455 1.000000
0.148397 -0.846011 0.790404 0.295455 1.000000
0.144124 -0.856601 0.815657 0.295455 1.000000
0.135751 -0.868260 0.840909 0.295455 1.000000
0.123197 -0.880488 0.866162 0.295455 1.000000
0.106545 -0.892590 0.891414 0.295455 1.000000
0.086087 -0.903710 0.916667 0.295455 1.000000
-0.069995 -0.901579 0.083333 0.287879 1.000000
-0.086964 -0.893258 0.108586 0.287879 1.000000
-0.100996 -0.884024 0.133838 0.287879 1.000000
-0.111803 -0.874479 0.159091 0.287879 1.000000
-0.119254 -0.865142 0.184343 0.287879 1.000000
-0.123349 -0.856415 0.209596 0.287879 1.000000
-0.124191 -0.848573 0.234848 0.287879 1.000000
-0.121959 -0.841770 0.260101 0.287879 1.000000
-0.116885 -0.836057 0.285354 0.287879 1.000000
-0.109237 -0.831404 0.310606 0.287879 1.000000
-0.099302 -0.827728 0.335859 0.287879 1.000000
-0.087381 -0.824912 0.361111 0.287879 1.000000
-0.073780 -0.822825 0.386364 0.287879 1.000000
-0.058805 -0.821339 0.411616 0.287879 1.000000
-0.042763 -0.820336 0.436869 0.287879 1.000000
-0.025962 -0.819723 0.462121 0.287879 1.000000
-0.008704 -0.819433 0.487374 0.287879 1.000000
0.008704 -0.819433 0.512626 0.287879 1.000000
0.025962 -0.819723 0.537879 0.287879 1.000000
0.042763 -0.820336 0.563131 0.287879 1.000000
0.058805 -0.821339 0.588384 0.287879 1.000000
0.073780 -0.822825 0.613636 0.287879 1.000000
0.087381 -0.824912 0.638889 0.287879 1.000000
0.099302 -0.827728 0.664141 0.287879 1.000000
0.109237 -0.831404 0.689394 0.287879 1.000000
0.116885 -0.836057 0.714646 0.287879 1.000000
0.121959 -0.841770 0.739899 0.287879 1.000000
0.124191 -0.848573 0.765152 0.287879 1.000000
0.123349 -0.856415 0.790404 0.287879 1.000000
0.119254 -0.865142 0.815657 0.287879 1.000000
0.111803 -0.874479 0.840909 0.287879 1.000000
0.100996 -0.884024 0.866162 0.287879 1.000000
0.086964 -0.893258 0.891414 0.287879 1.000000
0.069995 -0.901579 0.916667 0.287879 1.000000
-0.054653 -0.898111 0.083333 0.280303 1.000000
-0.068143 -0.892172 0.108586 0.280303 1.000000
-0.079460 -0.885457 0.133838 0.280303 1.000000
-0.088348 -0.878360 0.159091 0.280303 1.000000
-0.094661 -0.871242 0.184343 0.280303 1.000000
-0.098351 -0.864402 0.209596 0.280303 1.000000
-0.099449 -0.858065 0.234848 0.280303 1.000000
-0.098058 -0.852382 0.260101 0.280303 1.000000
-0.094330 -0.847434 0.285354 0.280303 1.000000
-0.088453 -0.843242 0.310606 0.280303 1.000000
-0.080646 -0.839786 0.335859 0.280303 1.000000
-0.071145 -0.837015 0.361111 0.280303 1.000000
-0.060197 -0.834859 0.386364 0.280303 1.000000
-0.048060 -0.833247 0.411616 0.280303 1.000000
-0.034994 -0.832108 0.436869 0.280303 1.000000
-0.021262 -0.831384 0.462121 0.280303 1.000000
-0.007132 -0.831032 0.487374 0.280303 1.000000
0.007132 -0.831032 0.512626 0.280303 1.000000
0.021262 -0.831384 0.537879 0.280303 1.000000
0.034994 -0.832108 0.563131 0.280303 1.000000
0.048060 -0.833247 0.588384 0.280303 1.000000
0.060197 -0.834859 0.613636 0.280303 1.000000
0.071145 -0.837015 0.638889 0.280303 1.000000
0.080646 -0.839786 0.664141 0.280303 1.000000
0.088453 -0.843242 0.689394 0.280303 1.000000
0.094330 -0.847434 0.714646 0.280303 1.000000
0.098058 -0.852382 0.739899 0.280303 1.000000
0.099449 -0.858065 0.765152 0.280303 1.000000
0.098351 -0.864402 0.790404 0.280303 1.000000
0.094661 -0.871242 0.815657 0.280303 1.000000
0.088348 -0.878360 0.840909 0.280303 1.000000
0.079460 -0.885457 0.866162 0.280303 1.000000
0.068143 -0.892172 0.891414 0.280303 1.000000
0.054653 -0.898111 0.916667 0.280303 1.000000
-0.040020 -0.893416 0.083333 0.272727 1.000000
-0.050060 -0.889472 0.108586 0.272727 1.000000
-0.058594 -0.884930 0.133838 0.272727 1.000000
-0.065418 -0.880024 0.159091 0.272727 1.000000
-0.070397 -0.874980 0.184343 0.272727 1.000000
-0.073461 -0.870000 0.209596 0.272727 1.000000
-0.074601 -0.865246 0.234848 0.272727 1.000000
-0.073861 -0.860845 0.260101 0.272727 1.000000
-0.071325 -0.856880 0.285354 0.272727 1.000000
-0.067116 -0.853401 0.310606 0.272727 1.000000
-0.061384 -0.850424 0.335859 0.272727 1.000000
-0.054299 -0.847947 0.361111 0.272727 1.000000
-0.046049 -0.845948 0.386364 0.272727 1.000000
-0.036831 -0.844400 0.411616 0.272727 1.000000
-0.026855 -0.843272 0.436869 0.272727 1.000000
-0.016332 -0.842538 0.462121 0.272727 1.000000
-0.005481 -0.842176 0.487374 0.272727 1.000000
0.005481 -0.842176 0.512626 0.272727 1.000000
0.016332 -0.842538 0.537879 0.272727 1.000000
0.026855 -0.843272 0.563131 0.272727 1.000000
0.036831 -0.844400 0.588384 0.272727 1.000000
0.046049 -0.845948 0.613636 0.272727 1.000000
0.054299 -0.847947 0.638889 0.272727 1.000000
0.061384 -0.850424 0.664141 0.272727 1.000000
0.067116 -0.853401 0.689394 0.272727 1.000000
0.071325 -0.856880 0.714646 0.272727 1.000000
0.073861 -0.860845 0.739899 0.272727 1.000000
0.074601 -0.865246 0.765152 0.272727 1.000000
0.073461 -0.870000 0.790404 0.272727 1.000000
0.070397 -0.874980 0.815657 0.272727 1.000000
0.065418 -0.880024 0.840909 0.272727 1.000000
0.058594 -0.884930 0.866162 0.272727 1.000000
0.050060 -0.889472 0.891414 0.272727 1.000000
0.040020 -0.893416 0.916667 0.272727 1.000000
-0.026057 -0.887593 0.083333 0.265152 1.000000
-0.032691 -0.885284 0.108586 0.265152 1.000000
-0.038398 -0.882576 0.133838 0.265152 1.000000
-0.043037 -0.879588 0.159091 0.265152 1.000000
-0.046505 -0.876440 0.184343 0.265152 1.000000
-0.048737 -0.873246 0.209596 0.265152 1.000000
-0.049705 -0.870107 0.234848 0.265152 1.000000
-0.049416 -0.867108 0.260101 0.265152 1.000000
-0.047908 -0.864319 0.285354 0.265152 1.000000
-0.045246 -0.861788 0.310606 0.265152 1.000000
-0.041518 -0.859552 0.335859 0.265152 1.000000
-0.036833 -0.857629 0.361111 0.265152 1.000000
-0.031313 -0.856030 0.386364 0.265152 1.000000
-0.025096 -0.854757 0.411616 0.265152 1.000000
-0.018326 -0.853808 0.436869 0.265152 1.000000
-0.011157 -0.853178 0.462121 0.265152 1.000000
-0.003746 -0.852865 0.487374 0.265152 1.000000
0.003746 -0.852865 0.512626 0.265152 1.000000
0.011157 -0.853178 0.537879 0.265152 1.000000
0.018326 -0.853808 0.563131 0.265152 1.000000
0.025096 -0.854757 0.588384 0.265152 1.000000
0.031313 -0.856030 0.613636 0.265152 1.000000
0.036833 -0.857629 0.638889 0.265152 1.000000
0.041518 -0.859552 0.664141 0.265152 1.000000
0.045246 -0.861788 0.689394 0.265152 1.000000
0.047908 -0.864319 0.714646 0.265152 1.000000
0.049416 -0.867108 0.739899 0.265152 1.000000
0.049705 -0.870107 0.765152 0.265152 1.000000
0.048737 -0.873246 0.790404 0.265152 1.000000
0.046505 -0.876440 0.815657 0.265152 1.000000
0.043037 -0.879588 0.840909 0.265152 1.000000
0.038398 -0.882576 0.866162 0.265152 1.000000
0.032691 -0.885284 0.891414 0.265152 1.000000
0.026057 -0.887593 0.916667 0.265152 1.000000
-0.012729 -0.880724 0.083333 0.257576 1.000000
-0.016012 -0.879721 0.108586 0.257576 1.000000
-0.018869 -0.878522 0.133838 0.257576 1.000000
-0.021226 -0.877171 0.159091 0.257576 1.000000
-0.023027 -0.875711 0.184343 0.257576 1.000000
-0.024233 -0.874189 0.209596 0.257576 1.000000
-0.024819 -0.872649 0.234848 0.257576 1.000000
-0.024778 -0.871132 0.260101 0.257576 1.000000
-0.024118 -0.869677 0.285354 0.257576 1.000000
-0.022865 -0.868314 0.310606 0.257576 1.000000
-0.021054 -0.867072 0.335859 0.257576 1.000000
-0.018736 -0.865973 0.361111 0.257576 1.000000
-0.015971 -0.865034 0.386364 0.257576 1.000000
-0.012827 -0.864269 0.411616 0.257576 1.000000
-0.009383 -0.863688 0.436869 0.257576 1.000000
-0.005718 -0.863298 0.462121 0.257576 1.000000
-0.001921 -0.863101 0.487374 0.257576 1.000000
0.001921 -0.863101 0.512626 0.257576 1.000000
0.005718 -0.863298 0.537879 0.257576 1.000000
0.009383 -0.863688 0.563131 0.257576 1.000000
0.012827 -0.864269 0.588384 0.257576 1.000000
0.015971 -0.865034 0.613636 0.257576 1.000000
0.018736 -0.865973 0.638889 0.257576 1.000000
0.021054 -0.867072 0.664141 0.257576 1.000000
0.022865 -0.868314 0.689394 0.257576 1.000000
0.024118 -0.869677 0.714646 0.257576 1.000000
0.024778 -0.871132 0.739899 0.257576 1.000000
0.024819 -0.872649 0.765152 0.257576 1.000000
0.024233 -0.874189 0.790404 0.257576 1.000000
0.023027 -0.875711 0.815657 0.257576 1.000000
0.021226 -0.877171 0.840909 0.257576 1.000000
0.018869 -0.878522 0.866162 0.257576 1.000000
0.016012 -0.879721 0.891414 0.257576 1.000000
0.012729 -0.880724 0.916667 0.257576 1.000000
0.000000 -0.872885 0.083333 0.250000 1.000000
0.000000 -0.872885 0.108586 0.250000 1.000000
0.000000 -0.872885 0.133838 0.250000 1.000000
0.000000 -0.872885 0.159091 0.250000 1.000000
0.000000 -0.872885 0.184343 0.250000 1.000000
0.000000 -0.872885 0.209596 0.250000 1.000000
0.000000 -0.872885 0.234848 0.250000 1.000000
0.000000 -0.872885 0.260101 0.250000 1.000000
0.000000 -0.872885 0.285354 0.250000 1.000000
0.000000 -0.872885 0.310606 0.250000 1.000000
0.000000 -0.872885 0.335859 0.250000 1.000000
0.000000 -0.872885 0.361111 0.250000 1.000000
0.000000 -0.872885 0.386364 0.250000 1.000000
0.000000 -0.872885 0.411616 0.250000 1.000000
0.000000 -0.872885 0.436869 0.250000 1.000000
0.000000 -0.872885 0.462121 0.250000 1.000000
0.000000 -0.872885 0.487374 0.250000 1.000000
0.000000 -0.872885 0.512626 0.250000 1.000000
0.000000 -0.872885 0.537879 0.250000 1.000000
0.000000 -0.872885 0.563131 0.250000 1.000000
0.000000 -0.872885 0.588384 0.250000 1.000000
0.000000 -0.872885 0.613636 0.250000 1.000000
0.000000 -0.872885 0.638889 0.250000 1.000000
0.000000 -0.872885 0.664141 0.250000 1.000000
0.000000 -0.872885 0.689394 0.250000 1.000000
0.000000 -0.872885 0.714646 0.250000 1.000000
0.000000 -0.872885 0.739899 0.250000 1.000000
0.000000 -0.872885 0.765152 0.250000 1.000000
0.000000 -0.872885 0.790404 0.250000 1.000000
0.000000 -0.872885 0.815657 0.250000 1.000000
0.000000 -0.872885 0.840909 0.250000 1.000000
0.000000 -0.872885 0.866162 0.250000 1.000000
0.000000 -0.872885 0.891414 0.250000 1.000000
0.000000 -0.872885 0.916667 0.250000 1.000000
