2
34 34
-0.714042 -0.769213 0.083333 0.500000 1.000000
-0.789375 -0.631428 0.108586 0.500000 1.000000
-0.821247 -0.522292 0.133838 0.500000 1.000000
-0.823095 -0.439932 0.159091 0.500000 1.000000
-0.804117 -0.379536 0.184343 0.500000 1.000000
-0.770393 -0.336196 0.209596 0.500000 1.000000
-0.725953 -0.305756 0.234848 0.500000 1.000000
-0.673518 -0.284919 0.260101 0.500000 1.000000
-0.614972 -0.271134 0.285354 0.500000 1.000000
-0.551668 -0.262444 0.310606 0.500000 1.000000
-0.484606 -0.257350 0.335859 0.500000 1.000000
-0.414563 -0.254705 0.361111 0.500000 1.000000
-0.342162 -0.253637 0.386364 0.500000 1.000000
-0.267931 -0.253484 0.411616 0.500000 1.000000
-0.192328 -0.253763 0.436869 0.500000 1.000000
-0.115772 -0.254130 0.462121 0.500000 1.000000
-0.038653 -0.254366 0.487374 0.500000 1.000000
0.038653 -0.254366 0.512626 0.500000 1.000000
0.115772 -0.254130 0.537879 0.500000 1.000000
0.192328 -0.253763 0.563131 0.500000 1.000000
0.267931 -0.253484 0.588384 0.500000 1.000000
0.342162 -0.253637 0.613636 0.500000 1.000000
0.414563 -0.254705 0.638889 0.500000 1.000000
0.484606 -0.257350 0.664141 0.500000 1.000000
0.551668 -0.262444 0.689394 0.500000 1.000000
0.614972 -0.271134 0.714646 0.500000 1.000000
0.673518 -0.284919 0.739899 0.500000 1.000000
0.725953 -0.305756 0.765152 0.500000 1.000000
0.770393 -0.336196 0.790404 0.500000 1.000000
0.804117 -0.379536 0.815657 0.500000 1.000000
0.823095 -0.439932 0.840909 0.500000 1.000000
0.821247 -0.522292 0.866162 0.500000 1.000000
0.789375 -0.631428 0.891414 0.500000 1.000000
0.714042 -0.769213 0.916667 0.500000 1.000000
-0.685990 -0.796129 0.083333 0.492424 1.000000
-0.763664 -0.663405 0.108586 0.492424 1.000000
-0.798880 -0.556167 0.133838 0.492424 1.000000
-0.804092 -0.473862 0.159091 0.492424 1.000000
-0.788140 -0.412588 0.184343 0.492424 1.000000
-0.757021 -0.367967 0.209596 0.492424 1.000000
-0.714786 -0.336131 0.234848 0.492424 1.000000
-0.664209 -0.313934 0.260101 0.492424 1.000000
-0.607237 -0.298895 0.285354 0.492424 1.000000
-0.545274 -0.289090 0.310606 0.492424 1.000000
-0.479371 -0.283033 0.335859 0.492424 1.000000
-0.410342 -0.279576 0.361111 0.492424 1.000000
-0.338844 -0.277843 0.386364 0.492424 1.000000
-0.265431 -0.277168 0.411616 0.492424 1.000000
-0.190584 -0.277060 0.436869 0.492424 1.000000
-0.114742 -0.277172 0.462121 0.492424 1.000000
-0.038312 -0.277282 0.487374 0.492424 1.000000
0.038312 -0.277282 0.512626 0.492424 1.000000
0.114742 -0.277172 0.537879 0.492424 1.000000
0.190584 -0.277060 0.563131 0.492424 1.000000
0.265431 -0.277168 0.588384 0.492424 1.000000
0.338844 -0.277843 0.613636 0.492424 1.000000
0.410342 -0.279576 0.638889 0.492424 1.000000
0.479371 -0.283033 0.664141 0.492424 1.000000
0.545274 -0.289090 0.689394 0.492424 1.000000
0.607237 -0.298895 0.714646 0.492424 1.000000
0.664209 -0.313934 0.739899 0.492424 1.000000
0.714786 -0.336131 0.765152 0.492424 1.000000
0.757021 -0.367967 0.790404 0.492424 1.000000
0.788140 -0.412588 0.815657 0.492424 1.000000
0.804092 -0.473862 0.840909 0.492424 1.000000
0.798880 -0.556167 0.866162 0.492424 1.000000
0.763664 -0.663405 0.891414 0.492424 1.000000
0.685990 -0.796129 0.916667 0.492424 1.000000
-0.657892 -0.821017 0.083333 0.484848 1.000000
-0.737389 -0.693679 0.108586 0.484848 1.000000
-0.775631 -0.588755 0.133838 0.484848 1.000000
-0.784048 -0.506862 0.159091 0.484848 1.000000
-0.771071 -0.444975 0.184343 0.484848 1.000000
-0.742570 -0.399258 0.209596 0.484848 1.000000
-0.702592 -0.366151 0.234848 0.484848 1.000000
-0.653950 -0.342671 0.260101 0.484848 1.000000
-0.598639 -0.326428 0.285354 0.484848 1.000000
-0.538115 -0.315537 0.310606 0.484848 1.000000
-0.473470 -0.308532 0.335859 0.484848 1.000000
-0.405557 -0.304270 0.361111 0.484848 1.000000
-0.335064 -0.301874 0.386364 0.484848 1.000000
-0.262571 -0.300676 0.411616 0.484848 1.000000
-0.188583 -0.300180 0.436869 0.484848 1.000000
-0.113558 -0.300035 0.462121 0.484848 1.000000
-0.037920 -0.300017 0.487374 0.484848 1.000000
0.037920 -0.300017 0.512626 0.484848 1.000000
0.113558 -0.300035 0.537879 0.484848 1.000000
0.188583 -0.300180 0.563131 0.484848 1.000000
0.262571 -0.300676 0.588384 0.484848 1.000000
0.335064 -0.301874 0.613636 0.484848 1.000000
0.405557 -0.304270 0.638889 0.484848 1.000000
0.473470 -0.308532 0.664141 0.484848 1.000000
0.538115 -0.315537 0.689394 0.484848 1.000000
0.598639 -0.326428 0.714646 0.484848 1.000000
0.653950 -0.342671 0.739899 0.484848 1.000000
0.702592 -0.366151 0.765152 0.484848 1.000000
0.742570 -0.399258 0.790404 0.484848 1.000000
0.771071 -0.444975 0.815657 0.484848 1.000000
0.784048 -0.506862 0.840909 0.484848 1.000000
0.775631 -0.588755 0.866162 0.484848 1.000000
0.737389 -0.693679 0.891414 0.484848 1.000000
0.657892 -0.821017 0.916667 0.484848 1.000000
-0.629858 -0.843900 0.083333 0.477273 1.000000
-0.710670 -0.722208 0.108586 0.477273 1.000000
-0.751602 -0.619979 0.133838 0.477273 1.000000
-0.763046 -0.538848 0.159091 0.477273 1.000000
-0.752973 -0.476620 0.184343 0.477273 1.000000
-0.727089 -0.430003 0.209596 0.477273 1.000000
-0.689409 -0.395758 0.234848 0.477273 1.000000
-0.642768 -0.371087 0.260101 0.477273 1.000000
-0.589201 -0.353696 0.285354 0.477273 1.000000
-0.530205 -0.341756 0.310606 0.477273 1.000000
-0.466915 -0.333823 0.335859 0.477273 1.000000
-0.400216 -0.328768 0.361111 0.477273 1.000000
-0.330829 -0.325715 0.386364 0.477273 1.000000
-0.259358 -0.323995 0.411616 0.477273 1.000000
-0.186330 -0.323111 0.436869 0.477273 1.000000
-0.112222 -0.322709 0.462121 0.477273 1.000000
-0.037477 -0.322563 0.487374 0.477273 1.000000
0.037477 -0.322563 0.512626 0.477273 1.000000
0.112222 -0.322709 0.537879 0.477273 1.000000
0.186330 -0.323111 0.563131 0.477273 1.000000
0.259358 -0.323995 0.588384 0.477273 1.000000
0.330829 -0.325715 0.613636 0.477273 1.000000
0.400216 -0.328768 0.638889 0.477273 1.000000
0.466915 -0.333823 0.664141 0.477273 1.000000
0.530205 -0.341756 0.689394 0.477273 1.000000
0.589201 -0.353696 0.714646 0.477273 1.000000
0.642768 -0.371087 0.739899 0.477273 1.000000
0.689409 -0.395758 0.765152 0.477273 1.000000
0.727089 -0.430003 0.790404 0.477273 1.000000
0.752973 -0.476620 0.815657 0.477273 1.000000
0.763046 -0.538848 0.840909 0.477273 1.000000
0.751602 -0.619979 0.866162 0.477273 1.000000
0.710670 -0.722208 0.891414 0.477273 1.000000
0.629858 -0.843900 0.916667 0.477273 1.000000
-0.601981 -0.864812 0.083333 0.469697 1.000000
-0.683614 -0.748960 0.108586 0.469697 1.000000
-0.726892 -0.649774 0.133838 0.469697 1.000000
-0.741166 -0.569744 0.159091 0.469697 1.000000
-0.733908 -0.507451 0.184343 0.469697 1.000000
-0.710626 -0.460139 0.209596 0.469697 1.000000
-0.675273 -0.424901 0.234848 0.469697 1.000000
-0.630690 -0.399137 0.260101 0.469697 1.000000
-0.578941 -0.380665 0.285354 0.469697 1.000000
-0.521560 -0.367718 0.310606 0.469697 1.000000
-0.459716 -0.358884 0.335859 0.469697 1.000000
-0.394328 -0.353051 0.361111 0.469697 1.000000
-0.326144 -0.349349 0.386364 0.469697 1.000000
-0.255793 -0.347113 0.411616 0.469697 1.000000
-0.183825 -0.345842 0.436869 0.469697 1.000000
-0.110735 -0.345184 0.462121 0.469697 1.000000
-0.036984 -0.344910 0.487374 0.469697 1.000000
0.036984 -0.344910 0.512626 0.469697 1.000000
0.110735 -0.345184 0.537879 0.469697 1.000000
0.183825 -0.345842 0.563131 0.469697 1.000000
0.255793 -0.347113 0.588384 0.469697 1.000000
0.326144 -0.349349 0.613636 0.469697 1.000000
0.394328 -0.353051 0.638889 0.469697 1.000000
0.459716 -0.358884 0.664141 0.469697 1.000000
0.521560 -0.367718 0.689394 0.469697 1.000000
0.578941 -0.380665 0.714646 0.469697 1.000000
0.630690 -0.399137 0.739899 0.469697 1.000000
0.675273 -0.424901 0.765152 0.469697 1.000000
0.710626 -0.460139 0.790404 0.469697 1.000000
0.733908 -0.507451 0.815657 0.469697 1.000000
0.741166 -0.569744 0.840909 0.469697 1.000000
0.726892 -0.649774 0.866162 0.469697 1.000000
0.683614 -0.748960 0.891414 0.469697 1.000000
0.601981 -0.864812 0.916667 0.469697 1.000000
-0.574343 -0.883799 0.083333 0.462121 1.000000
-0.656323 -0.773923 0.108586 0.462121 1.000000
-0.701595 -0.678087 0.133838 0.462121 1.000000
-0.718486 -0.599483 0.159091 0.462121 1.000000
-0.713938 -0.537400 0.184343 0.462121 1.000000
-0.693225 -0.489603 0.209596 0.462121 1.000000
-0.660217 -0.453526 0.234848 0.462121 1.000000
-0.617741 -0.426777 0.260101 0.462121 1.000000
-0.567879 -0.407299 0.285354 0.462121 1.000000
-0.512193 -0.393394 0.310606 0.462121 1.000000
-0.451883 -0.383692 0.335859 0.462121 1.000000
-0.387899 -0.377101 0.361111 0.462121 1.000000
-0.321014 -0.372763 0.386364 0.462121 1.000000
-0.251881 -0.370016 0.411616 0.462121 1.000000
-0.181072 -0.368364 0.436869 0.462121 1.000000
-0.109099 -0.367451 0.462121 0.462121 1.000000
-0.036442 -0.367050 0.487374 0.462121 1.000000
0.036442 -0.367050 0.512626 0.462121 1.000000
0.109099 -0.367451 0.537879 0.462121 1.000000
0.181072 -0.368364 0.563131 0.462121 1.000000
0.251881 -0.370016 0.588384 0.462121 1.000000
0.321014 -0.372763 0.613636 0.462121 1.000000
0.387899 -0.377101 0.638889 0.462121 1.000000
0.451883 -0.383692 0.664141 0.462121 1.000000
0.512193 -0.393394 0.689394 0.462121 1.000000
0.567879 -0.407299 0.714646 0.462121 1.000000
0.617741 -0.426777 0.739899 0.462121 1.000000
0.660217 -0.453526 0.765152 0.462121 1.000000
0.693225 -0.489603 0.790404 0.462121 1.000000
0.713938 -0.537400 0.815657 0.462121 1.000000
0.718486 -0.599483 0.840909 0.462121 1.000000
0.701595 -0.678087 0.866162 0.462121 1.000000
0.656323 -0.773923 0.891414 0.462121 1.000000
0.574343 -0.883799 0.916667 0.462121 1.000000
-0.547014 -0.900916 0.083333 0.454545 1.000000
-0.628887 -0.797092 0.108586 0.454545 1.000000
-0.675800 -0.704875 0.133838 0.454545 1.000000
-0.695081 -0.628003 0.159091 0.454545 1.000000
-0.693122 -0.566402 0.184343 0.454545 1.000000
-0.674932 -0.518336 0.209596 0.454545 1.000000
-0.644275 -0.481582 0.234848 0.454545 1.000000
-0.603945 -0.453965 0.260101 0.454545 1.000000
-0.556031 -0.433562 0.285354 0.454545 1.000000
-0.502116 -0.418756 0.310606 0.454545 1.000000
-0.443425 -0.408224 0.335859 0.454545 1.000000
-0.380934 -0.400900 0.361111 0.454545 1.000000
-0.315442 -0.395942 0.386364 0.454545 1.000000
-0.247625 -0.392694 0.411616 0.454545 1.000000
-0.178071 -0.390665 0.436869 0.454545 1.000000
-0.107315 -0.389500 0.462121 0.454545 1.000000
-0.035849 -0.388974 0.487374 0.454545 1.000000
0.035849 -0.388974 0.512626 0.454545 1.000000
0.107315 -0.389500 0.537879 0.454545 1.000000
0.178071 -0.390665 0.563131 0.454545 1.000000
0.247625 -0.392694 0.588384 0.454545 1.000000
0.315442 -0.395942 0.613636 0.454545 1.000000
0.380934 -0.400900 0.638889 0.454545 1.000000
0.443425 -0.408224 0.664141 0.454545 1.000000
0.502116 -0.418756 0.689394 0.454545 1.000000
0.556031 -0.433562 0.714646 0.454545 1.000000
0.603945 -0.453965 0.739899 0.454545 1.000000
0.644275 -0.481582 0.765152 0.454545 1.000000
0.674932 -0.518336 0.790404 0.454545 1.000000
0.693122 -0.566402 0.815657 0.454545 1.000000
0.695081 -0.628003 0.840909 0.454545 1.000000
0.675800 -0.704875 0.866162 0.454545 1.000000
0.628887 -0.797092 0.891414 0.454545 1.000000
0.547014 -0.900916 0.916667 0.454545 1.000000
-0.520051 -0.916225 0.083333 0.446970 1.000000
-0.601391 -0.818478 0.108586 0.446970 1.000000
-0.649591 -0.730107 0.133838 0.446970 1.000000
-0.671023 -0.655252 0.159091 0.446970 1.000000
-0.671517 -0.594398 0.184343 0.446970 1.000000
-0.655791 -0.546282 0.209596 0.446970 1.000000
-0.627479 -0.509019 0.234848 0.446970 1.000000
-0.589326 -0.480658 0.260101 0.446970 1.000000
-0.543414 -0.459420 0.285354 0.446970 1.000000
-0.491340 -0.443776 0.310606 0.446970 1.000000
-0.434349 -0.432457 0.335859 0.446970 1.000000
-0.373440 -0.424430 0.361111 0.446970 1.000000
-0.309433 -0.418870 0.386364 0.446970 1.000000
-0.243025 -0.415135 0.411616 0.446970 1.000000
-0.174825 -0.412736 0.436869 0.446970 1.000000
-0.105382 -0.411324 0.462121 0.446970 1.000000
-0.035208 -0.410674 0.487374 0.446970 1.000000
0.035208 -0.410674 0.512626 0.446970 1.000000
0.105382 -0.411324 0.537879 0.446970 1.000000
0.174825 -0.412736 0.563131 0.446970 1.000000
0.243025 -0.415135 0.588384 0.446970 1.000000
0.309433 -0.418870 0.613636 0.446970 1.000000
0.373440 -0.424430 0.638889 0.446970 1.000000
0.434349 -0.432457 0.664141 0.446970 1.000000
0.491340 -0.443776 0.689394 0.446970 1.000000
0.543414 -0.459420 0.714646 0.446970 1.000000
0.589326 -0.480658 0.739899 0.446970 1.000000
0.627479 -0.509019 0.765152 0.446970 1.000000
0.655791 -0.546282 0.790404 0.446970 1.000000
0.671517 -0.594398 0.815657 0.446970 1.000000
0.671023 -0.655252 0.840909 0.446970 1.000000
0.649591 -0.730107 0.866162 0.446970 1.000000
0.601391 -0.818478 0.891414 0.446970 1.000000
0.520051 -0.916225 0.916667 0.446970 1.000000
-0.493503 -0.929790 0.083333 0.439394 1.000000
-0.573911 -0.838098 0.108586 0.439394 1.000000
-0.623048 -0.753758 0.133838 0.439394 1.000000
-0.646383 -0.681182 0.159091 0.439394 1.000000
-0.649180 -0.621333 0.184343 0.439394 1.000000
-0.635846 -0.573387 0.209596 0.439394 1.000000
-0.609861 -0.535788 0.234848 0.439394 1.000000
-0.573906 -0.506815 0.260101 0.439394 1.000000
-0.530045 -0.484838 0.285354 0.439394 1.000000
-0.479877 -0.468426 0.310606 0.439394 1.000000
-0.424663 -0.456369 0.335859 0.439394 1.000000
-0.365420 -0.447672 0.361111 0.439394 1.000000
-0.302989 -0.441535 0.386364 0.439394 1.000000
-0.238084 -0.437327 0.411616 0.439394 1.000000
-0.171333 -0.434569 0.436869 0.439394 1.000000
-0.103302 -0.432915 0.462121 0.439394 1.000000
-0.034517 -0.432144 0.487374 0.439394 1.000000
0.034517 -0.432144 0.512626 0.439394 1.000000
0.103302 -0.432915 0.537879 0.439394 1.000000
0.171333 -0.434569 0.563131 0.439394 1.000000
0.238084 -0.437327 0.588384 0.439394 1.000000
0.302989 -0.441535 0.613636 0.439394 1.000000
0.365420 -0.447672 0.638889 0.439394 1.000000
0.424663 -0.456369 0.664141 0.439394 1.000000
0.479877 -0.468426 0.689394 0.439394 1.000000
0.530045 -0.484838 0.714646 0.439394 1.000000
0.573906 -0.506815 0.739899 0.439394 1.000000
0.609861 -0.535788 0.765152 0.439394 1.000000
0.635846 -0.573387 0.790404 0.439394 1.000000
0.649180 -0.621333 0.815657 0.439394 1.000000
0.646383 -0.681182 0.840909 0.439394 1.000000
0.623048 -0.753758 0.866162 0.439394 1.000000
0.573911 -0.838098 0.891414 0.439394 1.000000
0.493503 -0.929790 0.916667 0.439394 1.000000
-0.467410 -0.941681 0.083333 0.431818 1.000000
-0.546514 -0.855978 0.108586 0.431818 1.000000
-0.596246 -0.775816 0.133838 0.431818 1.000000
-0.621230 -0.705756 0.159091 0.431818 1.000000
-0.626167 -0.647158 0.184343 0.431818 1.000000
-0.615140 -0.599598 0.209596 0.431818 1.000000
-0.591454 -0.561842 0.234848 0.431818 1.000000
-0.557709 -0.532394 0.260101 0.431818 1.000000
-0.515938 -0.509782 0.285354 0.431818 1.000000
-0.467736 -0.492677 0.310606 0.431818 1.000000
-0.414372 -0.479937 0.335859 0.431818 1.000000
-0.356878 -0.470610 0.361111 0.431818 1.000000
-0.296111 -0.463921 0.386364 0.431818 1.000000
-0.232803 -0.459259 0.411616 0.431818 1.000000
-0.167597 -0.456153 0.436869 0.431818 1.000000
-0.101074 -0.454265 0.462121 0.431818 1.000000
-0.033777 -0.453375 0.487374 0.431818 1.000000
0.033777 -0.453375 0.512626 0.431818 1.000000
0.101074 -0.454265 0.537879 0.431818 1.000000
0.167597 -0.456153 0.563131 0.431818 1.000000
0.232803 -0.459259 0.588384 0.431818 1.000000
0.296111 -0.463921 0.613636 0.431818 1.000000
0.356878 -0.470610 0.638889 0.431818 1.000000
0.414372 -0.479937 0.664141 0.431818 1.000000
0.467736 -0.492677 0.689394 0.431818 1.000000
0.515938 -0.509782 0.714646 0.431818 1.000000
0.557709 -0.532394 0.739899 0.431818 1.000000
0.591454 -0.561842 0.765152 0.431818 1.000000
0.615140 -0.599598 0.790404 0.431818 1.000000
0.626167 -0.647158 0.815657 0.431818 1.000000
0.621230 -0.705756 0.840909 0.431818 1.000000
0.596246 -0.775816 0.866162 0.431818 1.000000
0.546514 -0.855978 0.891414 0.431818 1.000000
0.467410 -0.941681 0.916667 0.431818 1.000000
-0.441803 -0.951966 0.083333 0.424242 1.000000
-0.519261 -0.872152 0.108586 0.424242 1.000000
-0.569255 -0.796275 0.133838 0.424242 1.000000
-0.595629 -0.728940 0.159091 0.424242 1.000000
-0.602534 -0.671826 0.184343 0.424242 1.000000
-0.593715 -0.624868 0.209596 0.424242 1.000000
-0.572288 -0.587134 0.234848 0.424242 1.000000
-0.540757 -0.557354 0.260101 0.424242 1.000000
-0.501110 -0.534217 0.285354 0.424242 1.000000
-0.454928 -0.516501 0.310606 0.424242 1.000000
-0.403484 -0.503139 0.335859 0.424242 1.000000
-0.347819 -0.493224 0.361111 0.424242 1.000000
-0.288803 -0.486016 0.386364 0.424242 1.000000
-0.227183 -0.480920 0.411616 0.424242 1.000000
-0.163616 -0.477481 0.436869 0.424242 1.000000
-0.098699 -0.475367 0.462121 0.424242 1.000000
-0.032987 -0.474363 0.487374 0.424242 1.000000
0.032987 -0.474363 0.512626 0.424242 1.000000
0.098699 -0.475367 0.537879 0.424242 1.000000
0.163616 -0.477481 0.563131 0.424242 1.000000
0.227183 -0.480920 0.588384 0.424242 1.000000
0.288803 -0.486016 0.613636 0.424242 1.000000
0.347819 -0.493224 0.638889 0.424242 1.000000
0.403484 -0.503139 0.664141 0.424242 1.000000
0.454928 -0.516501 0.689394 0.424242 1.000000
0.501110 -0.534217 0.714646 0.424242 1.000000
0.540757 -0.557354 0.739899 0.424242 1.000000
0.572288 -0.587134 0.765152 0.424242 1.000000
0.593715 -0.624868 0.790404 0.424242 1.000000
0.602534 -0.671826 0.815657 0.424242 1.000000
0.595629 -0.728940 0.840909 0.424242 1.000000
0.569255 -0.796275 0.866162 0.424242 1.000000
0.519261 -0.872152 0.891414 0.424242 1.000000
0.441803 -0.951966 0.916667 0.424242 1.000000
-0.416708 -0.960716 0.083333 0.416667 1.000000
-0.492208 -0.886658 0.108586 0.416667 1.000000
-0.542143 -0.815136 0.133838 0.416667 1.000000
-0.569644 -0.750708 0.159091 0.416667 1.000000
-0.578335 -0.695296 0.184343 0.416667 1.000000
-0.571616 -0.649150 0.209596 0.416667 1.000000
-0.552397 -0.611619 0.234848 0.416667 1.000000
-0.523073 -0.581655 0.260101 0.416667 1.000000
-0.485575 -0.558108 0.285354 0.416667 1.000000
-0.441463 -0.539870 0.310606 0.416667 1.000000
-0.392004 -0.525951 0.335859 0.416667 1.000000
-0.338245 -0.515498 0.361111 0.416667 1.000000
-0.281065 -0.507804 0.386364 0.416667 1.000000
-0.221223 -0.502300 0.411616 0.416667 1.000000
-0.159391 -0.498543 0.436869 0.416667 1.000000
-0.096177 -0.496213 0.462121 0.416667 1.000000
-0.032149 -0.495100 0.487374 0.416667 1.000000
0.032149 -0.495100 0.512626 0.416667 1.000000
0.096177 -0.496213 0.537879 0.416667 1.000000
0.159391 -0.498543 0.563131 0.416667 1.000000
0.221223 -0.502300 0.588384 0.416667 1.000000
0.281065 -0.507804 0.613636 0.416667 1.000000
0.338245 -0.515498 0.638889 0.416667 1.000000
0.392004 -0.525951 0.664141 0.416667 1.000000
0.441463 -0.539870 0.689394 0.416667 1.000000
0.485575 -0.558108 0.714646 0.416667 1.000000
0.523073 -0.581655 0.739899 0.416667 1.000000
0.552397 -0.611619 0.765152 0.416667 1.000000
0.571616 -0.649150 0.790404 0.416667 1.000000
0.578335 -0.695296 0.815657 0.416667 1.000000
0.569644 -0.750708 0.840909 0.416667 1.000000
0.542143 -0.815136 0.866162 0.416667 1.000000
0.492208 -0.886658 0.891414 0.416667 1.000000
0.416708 -0.960716 0.916667 0.416667 1.000000
-0.392143 -0.967998 0.083333 0.409091 1.000000
-0.465402 -0.899537 0.108586 0.409091 1.000000
-0.514969 -0.832407 0.133838 0.409091 1.000000
-0.543338 -0.771040 0.159091 0.409091 1.000000
-0.553625 -0.717533 0.184343 0.409091 1.000000
-0.548883 -0.672401 0.209596 0.409091 1.000000
-0.531812 -0.635254 0.234848 0.409091 1.000000
-0.504679 -0.605257 0.260101 0.409091 1.000000
-0.469349 -0.581421 0.285354 0.409091 1.000000
-0.427350 -0.562756 0.310606 0.409091 1.000000
-0.379937 -0.548351 0.335859 0.409091 1.000000
-0.328158 -0.537413 0.361111 0.409091 1.000000
-0.272897 -0.529273 0.386364 0.409091 1.000000
-0.214925 -0.523387 0.411616 0.409091 1.000000
-0.154921 -0.519332 0.436869 0.409091 1.000000
-0.093506 -0.516798 0.462121 0.409091 1.000000
-0.031260 -0.515581 0.487374 0.409091 1.000000
0.031260 -0.515581 0.512626 0.409091 1.000000
0.093506 -0.516798 0.537879 0.409091 1.000000
0.154921 -0.519332 0.563131 0.409091 1.000000
0.214925 -0.523387 0.588384 0.409091 1.000000
0.272897 -0.529273 0.613636 0.409091 1.000000
0.328158 -0.537413 0.638889 0.409091 1.000000
0.379937 -0.548351 0.664141 0.409091 1.000000
0.427350 -0.562756 0.689394 0.409091 1.000000
0.469349 -0.581421 0.714646 0.409091 1.000000
0.504679 -0.605257 0.739899 0.409091 1.000000
0.531812 -0.635254 0.765152 0.409091 1.000000
0.548883 -0.672401 0.790404 0.409091 1.000000
0.553625 -0.717533 0.815657 0.409091 1.000000
0.543338 -0.771040 0.840909 0.409091 1.000000
0.514969 -0.832407 0.866162 0.409091 1.000000
0.465402 -0.899537 0.891414 0.409091 1.000000
0.392143 -0.967998 0.916667 0.409091 1.000000
-0.368123 -0.973882 0.083333 0.401515 1.000000
-0.438886 -0.910837 0.108586 0.401515 1.000000
-0.487793 -0.848102 0.133838 0.401515 1.000000
-0.516769 -0.789924 0.159091 0.401515 1.000000
-0.528454 -0.738504 0.184343 0.401515 1.000000
-0.525562 -0.694581 0.209596 0.401515 1.000000
-0.510565 -0.657997 0.234848 0.401515 1.000000
-0.485598 -0.628121 0.260101 0.401515 1.000000
-0.452447 -0.604122 0.285354 0.401515 1.000000
-0.412598 -0.585129 0.310606 0.401515 1.000000
-0.367289 -0.570316 0.335859 0.401515 1.000000
-0.317560 -0.558951 0.361111 0.401515 1.000000
-0.264301 -0.550408 0.386364 0.401515 1.000000
-0.208286 -0.544172 0.411616 0.401515 1.000000
-0.150204 -0.539840 0.436869 0.401515 1.000000
-0.090687 -0.537115 0.462121 0.401515 1.000000
-0.030322 -0.535801 0.487374 0.401515 1.000000
0.030322 -0.535801 0.512626 0.401515 1.000000
0.090687 -0.537115 0.537879 0.401515 1.000000
0.150204 -0.539840 0.563131 0.401515 1.000000
0.208286 -0.544172 0.588384 0.401515 1.000000
0.264301 -0.550408 0.613636 0.401515 1.000000
0.317560 -0.558951 0.638889 0.401515 1.000000
0.367289 -0.570316 0.664141 0.401515 1.000000
0.412598 -0.585129 0.689394 0.401515 1.000000
0.452447 -0.604122 0.714646 0.401515 1.000000
0.485598 -0.628121 0.739899 0.401515 1.000000
0.510565 -0.657997 0.765152 0.401515 1.000000
0.525562 -0.694581 0.790404 0.401515 1.000000
0.528454 -0.738504 0.815657 0.401515 1.000000
0.516769 -0.789924 0.840909 0.401515 1.000000
0.487793 -0.848102 0.866162 0.401515 1.000000
0.438886 -0.910837 0.891414 0.401515 1.000000
0.368123 -0.973882 0.916667 0.401515 1.000000
-0.344657 -0.978431 0.083333 0.393939 1.000000
-0.412697 -0.920605 0.108586 0.393939 1.000000
-0.460667 -0.862240 0.133838 0.393939 1.000000
-0.489994 -0.807350 0.159091 0.393939 1.000000
-0.502877 -0.758182 0.184343 0.393939 1.000000
-0.501693 -0.715652 0.209596 0.393939 1.000000
-0.488690 -0.679808 0.234848 0.393939 1.000000
-0.465853 -0.650209 0.260101 0.393939 1.000000
-0.434883 -0.626177 0.285354 0.393939 1.000000
-0.397216 -0.606960 0.310606 0.393939 1.000000
-0.354063 -0.591822 0.335859 0.393939 1.000000
-0.306454 -0.580094 0.361111 0.393939 1.000000
-0.255276 -0.571195 0.386364 0.393939 1.000000
-0.201306 -0.564643 0.411616 0.393939 1.000000
-0.145241 -0.560059 0.436869 0.393939 1.000000
-0.087717 -0.557157 0.462121 0.393939 1.000000
-0.029334 -0.555753 0.487374 0.393939 1.000000
0.029334 -0.555753 0.512626 0.393939 1.000000
0.087717 -0.557157 0.537879 0.393939 1.000000
0.145241 -0.560059 0.563131 0.393939 1.000000
0.201306 -0.564643 0.588384 0.393939 1.000000
0.255276 -0.571195 0.613636 0.393939 1.000000
0.306454 -0.580094 0.638889 0.393939 1.000000
0.354063 -0.591822 0.664141 0.393939 1.000000
0.397216 -0.606960 0.689394 0.393939 1.000000
0.434883 -0.626177 0.714646 0.393939 1.000000
0.465853 -0.650209 0.739899 0.393939 1.000000
0.488690 -0.679808 0.765152 0.393939 1.000000
0.501693 -0.715652 0.790404 0.393939 1.000000
0.502877 -0.758182 0.815657 0.393939 1.000000
0.489994 -0.807350 0.840909 0.393939 1.000000
0.460667 -0.862240 0.866162 0.393939 1.000000
0.412697 -0.920605 0.891414 0.393939 1.000000
0.344657 -0.978431 0.916667 0.393939 1.000000
-0.321750 -0.981710 0.083333 0.386364 1.000000
-0.386867 -0.928890 0.108586 0.386364 1.000000
-0.433640 -0.874845 0.133838 0.386364 1.000000
-0.463069 -0.823315 0.159091 0.386364 1.000000
-0.476943 -0.776545 0.184343 0.386364 1.000000
-0.477321 -0.735581 0.209596 0.386364 1.000000
-0.466218 -0.700650 0.234848 0.386364 1.000000
-0.445468 -0.671483 0.260101 0.386364 1.000000
-0.416675 -0.647552 0.285354 0.386364 1.000000
-0.381214 -0.628221 0.310606 0.386364 1.000000
-0.340265 -0.612845 0.335859 0.386364 1.000000
-0.294841 -0.600822 0.361111 0.386364 1.000000
-0.245821 -0.591619 0.386364 0.386364 1.000000
-0.193984 -0.584791 0.411616 0.386364 1.000000
-0.140028 -0.579980 0.436869 0.386364 1.000000
-0.084597 -0.576919 0.462121 0.386364 1.000000
-0.028295 -0.575433 0.487374 0.386364 1.000000
0.028295 -0.575433 0.512626 0.386364 1.000000
0.084597 -0.576919 0.537879 0.386364 1.000000
0.140028 -0.579980 0.563131 0.386364 1.000000
0.193984 -0.584791 0.588384 0.386364 1.000000
0.245821 -0.591619 0.613636 0.386364 1.000000
0.294841 -0.600822 0.638889 0.386364 1.000000
0.340265 -0.612845 0.664141 0.386364 1.000000
0.381214 -0.628221 0.689394 0.386364 1.000000
0.416675 -0.647552 0.714646 0.386364 1.000000
0.445468 -0.671483 0.739899 0.386364 1.000000
0.466218 -0.700650 0.765152 0.386364 1.000000
0.477321 -0.735581 0.790404 0.386364 1.000000
0.476943 -0.776545 0.815657 0.386364 1.000000
0.463069 -0.823315 0.840909 0.386364 1.000000
0.433640 -0.874845 0.866162 0.386364 1.000000
0.386867 -0.928890 0.891414 0.386364 1.000000
0.321750 -0.981710 0.916667 0.386364 1.000000
-0.299406 -0.983778 0.083333 0.378788 1.000000
-0.361423 -0.935743 0.108586 0.378788 1.000000
-0.406758 -0.885944 0.133838 0.378788 1.000000
-0.436044 -0.837822 0.159091 0.378788 1.000000
-0.450703 -0.793574 0.184343 0.378788 1.000000
-0.452487 -0.754336 0.209596 0.378788 1.000000
-0.443184 -0.720484 0.234848 0.378788 1.000000
-0.424468 -0.691906 0.260101 0.378788 1.000000
-0.397837 -0.668212 0.285354 0.378788 1.000000
-0.364601 -0.648882 0.310606 0.378788 1.000000
-0.325899 -0.633362 0.335859 0.378788 1.000000
-0.282721 -0.621117 0.361111 0.378788 1.000000
-0.235937 -0.611667 0.386364 0.378788 1.000000
-0.186318 -0.604604 0.411616 0.378788 1.000000
-0.134566 -0.599596 0.436869 0.378788 1.000000
-0.081325 -0.596396 0.462121 0.378788 1.000000
-0.027205 -0.594837 0.487374 0.378788 1.000000
0.027205 -0.594837 0.512626 0.378788 1.000000
0.081325 -0.596396 0.537879 0.378788 1.000000
0.134566 -0.599596 0.563131 0.378788 1.000000
0.186318 -0.604604 0.588384 0.378788 1.000000
0.235937 -0.611667 0.613636 0.378788 1.000000
0.282721 -0.621117 0.638889 0.378788 1.000000
0.325899 -0.633362 0.664141 0.378788 1.000000
0.364601 -0.648882 0.689394 0.378788 1.000000
0.397837 -0.668212 0.714646 0.378788 1.000000
0.424468 -0.691906 0.739899 0.378788 1.000000
0.443184 -0.720484 0.765152 0.378788 1.000000
0.452487 -0.754336 0.790404 0.378788 1.000000
0.450703 -0.793574 0.815657 0.378788 1.000000
0.436044 -0.837822 0.840909 0.378788 1.000000
0.406758 -0.885944 0.866162 0.378788 1.000000
0.361423 -0.935743 0.891414 0.378788 1.000000
0.299406 -0.983778 0.916667 0.378788 1.000000
-0.277623 -0.984694 0.083333 0.371212 1.000000
-0.336390 -0.941216 0.108586 0.371212 1.000000
-0.380062 -0.895566 0.133838 0.371212 1.000000
-0.408969 -0.850877 0.159091 0.371212 1.000000
-0.424206 -0.809254 0.184343 0.371212 1.000000
-0.427235 -0.771890 0.209596 0.371212 1.000000
-0.419622 -0.739277 0.234848 0.371212 1.000000
-0.402877 -0.711442 0.260101 0.371212 1.000000
-0.378386 -0.688123 0.285354 0.371212 1.000000
-0.347387 -0.668913 0.310606 0.371212 1.000000
-0.310970 -0.653346 0.335859 0.371212 1.000000
-0.270097 -0.640959 0.361111 0.371212 1.000000
-0.225621 -0.631324 0.386364 0.371212 1.000000
-0.178307 -0.624072 0.411616 0.371212 1.000000
-0.128851 -0.618901 0.436869 0.371212 1.000000
-0.077899 -0.615581 0.462121 0.371212 1.000000
-0.026064 -0.613959 0.487374 0.371212 1.000000
0.026064 -0.613959 0.512626 0.371212 1.000000
0.077899 -0.615581 0.537879 0.371212 1.000000
0.128851 -0.618901 0.563131 0.371212 1.000000
0.178307 -0.624072 0.588384 0.371212 1.000000
0.225621 -0.631324 0.613636 0.371212 1.000000
0.270097 -0.640959 0.638889 0.371212 1.000000
0.310970 -0.653346 0.664141 0.371212 1.000000
0.347387 -0.668913 0.689394 0.371212 1.000000
0.378386 -0.688123 0.714646 0.371212 1.000000
0.402877 -0.711442 0.739899 0.371212 1.000000
0.419622 -0.739277 0.765152 0.371212 1.000000
0.427235 -0.771890 0.790404 0.371212 1.000000
0.424206 -0.809254 0.815657 0.371212 1.000000
0.408969 -0.850877 0.840909 0.371212 1.000000
0.380062 -0.895566 0.866162 0.371212 1.000000
0.336390 -0.941216 0.891414 0.371212 1.000000
0.277623 -0.984694 0.916667 0.371212 1.000000
-0.256399 -0.984512 0.083333 0.363636 1.000000
-0.311786 -0.945359 0.108586 0.363636 1.000000
-0.353590 -0.903746 0.133838 0.363636 1.000000
-0.381892 -0.862489 0.159091 0.363636 1.000000
-0.397499 -0.823577 0.184343 0.363636 1.000000
-0.401608 -0.788218 0.209596 0.363636 1.000000
-0.395565 -0.756997 0.234848 0.363636 1.000000
-0.380720 -0.730056 0.260101 0.363636 1.000000
-0.358340 -0.707253 0.285354 0.363636 1.000000
-0.329581 -0.688285 0.310606 0.363636 1.000000
-0.295482 -0.672775 0.335859 0.363636 1.000000
-0.256968 -0.660329 0.361111 0.363636 1.000000
-0.214872 -0.650575 0.386364 0.363636 1.000000
-0.169946 -0.643184 0.411616 0.363636 1.000000
-0.122881 -0.637885 0.436869 0.363636 1.000000
-0.074318 -0.634469 0.462121 0.363636 1.000000
-0.024870 -0.632796 0.487374 0.363636 1.000000
0.024870 -0.632796 0.512626 0.363636 1.000000
0.074318 -0.634469 0.537879 0.363636 1.000000
0.122881 -0.637885 0.563131 0.363636 1.000000
0.169946 -0.643184 0.588384 0.363636 1.000000
0.214872 -0.650575 0.613636 0.363636 1.000000
0.256968 -0.660329 0.638889 0.363636 1.000000
0.295482 -0.672775 0.664141 0.363636 1.000000
0.329581 -0.688285 0.689394 0.363636 1.000000
0.358340 -0.707253 0.714646 0.363636 1.000000
0.380720 -0.730056 0.739899 0.363636 1.000000
0.395565 -0.756997 0.765152 0.363636 1.000000
0.401608 -0.788218 0.790404 0.363636 1.000000
0.397499 -0.823577 0.815657 0.363636 1.000000
0.381892 -0.862489 0.840909 0.363636 1.000000
0.353590 -0.903746 0.866162 0.363636 1.000000
0.311786 -0.945359 0.891414 0.363636 1.000000
0.256399 -0.984512 0.916667 0.363636 1.000000
-0.235730 -0.983283 0.083333 0.356061 1.000000
-0.287628 -0.948221 0.108586 0.356061 1.000000
-0.327376 -0.910517 0.133838 0.356061 1.000000
-0.354857 -0.872673 0.159091 0.356061 1.000000
-0.370630 -0.836535 0.184343 0.356061 1.000000
-0.375647 -0.803299 0.209596 0.356061 1.000000
-0.371050 -0.773612 0.234848 0.356061 1.000000
-0.358023 -0.747714 0.260101 0.356061 1.000000
-0.337715 -0.725567 0.285354 0.356061 1.000000
-0.311194 -0.706967 0.310606 0.356061 1.000000
-0.279439 -0.691621 0.335859 0.356061 1.000000
-0.243336 -0.679206 0.361111 0.356061 1.000000
-0.203689 -0.669404 0.386364 0.356061 1.000000
-0.161235 -0.661929 0.411616 0.356061 1.000000
-0.116653 -0.656541 0.436869 0.356061 1.000000
-0.070580 -0.653055 0.462121 0.356061 1.000000
-0.023624 -0.651343 0.487374 0.356061 1.000000
0.023624 -0.651343 0.512626 0.356061 1.000000
0.070580 -0.653055 0.537879 0.356061 1.000000
0.116653 -0.656541 0.563131 0.356061 1.000000
0.161235 -0.661929 0.588384 0.356061 1.000000
0.203689 -0.669404 0.613636 0.356061 1.000000
0.243336 -0.679206 0.638889 0.356061 1.000000
0.279439 -0.691621 0.664141 0.356061 1.000000
0.311194 -0.706967 0.689394 0.356061 1.000000
0.337715 -0.725567 0.714646 0.356061 1.000000
0.358023 -0.747714 0.739899 0.356061 1.000000
0.371050 -0.773612 0.765152 0.356061 1.000000
0.375647 -0.803299 0.790404 0.356061 1.000000
0.370630 -0.836535 0.815657 0.356061 1.000000
0.354857 -0.872673 0.840909 0.356061 1.000000
0.327376 -0.910517 0.866162 0.356061 1.000000
0.287628 -0.948221 0.891414 0.356061 1.000000
0.235730 -0.983283 0.916667 0.356061 1.000000
-0.215610 -0.981057 0.083333 0.348485 1.000000
-0.263929 -0.949853 0.108586 0.348485 1.000000
-0.301450 -0.915918 0.133838 0.348485 1.000000
-0.327906 -0.881445 0.159091 0.348485 1.000000
-0.343642 -0.848126 0.184343 0.348485 1.000000
-0.349395 -0.817114 0.209596 0.348485 1.000000
-0.346110 -0.789095 0.234848 0.348485 1.000000
-0.334813 -0.764383 0.260101 0.348485 1.000000
-0.316530 -0.743033 0.285354 0.348485 1.000000
-0.292237 -0.724929 0.310606 0.348485 1.000000
-0.262847 -0.709860 0.335859 0.348485 1.000000
-0.229200 -0.697569 0.361111 0.348485 1.000000
-0.192070 -0.687795 0.386364 0.348485 1.000000
-0.152169 -0.680296 0.411616 0.348485 1.000000
-0.110164 -0.674863 0.436869 0.348485 1.000000
-0.066682 -0.671334 0.462121 0.348485 1.000000
-0.022324 -0.669598 0.487374 0.348485 1.000000
0.022324 -0.669598 0.512626 0.348485 1.000000
0.066682 -0.671334 0.537879 0.348485 1.000000
0.110164 -0.674863 0.563131 0.348485 1.000000
0.152169 -0.680296 0.588384 0.348485 1.000000
0.192070 -0.687795 0.613636 0.348485 1.000000
0.229200 -0.697569 0.638889 0.348485 1.000000
0.262847 -0.709860 0.664141 0.348485 1.000000
0.292237 -0.724929 0.689394 0.348485 1.000000
0.316530 -0.743033 0.714646 0.348485 1.000000
0.334813 -0.764383 0.739899 0.348485 1.000000
0.346110 -0.789095 0.765152 0.348485 1.000000
0.349395 -0.817114 0.790404 0.348485 1.000000
0.343642 -0.848126 0.815657 0.348485 1.000000
0.327906 -0.881445 0.840909 0.348485 1.000000
0.301450 -0.915918 0.866162 0.348485 1.000000
0.263929 -0.949853 0.891414 0.348485 1.000000
0.215610 -0.981057 0.916667 0.348485 1.000000
-0.196031 -0.977880 0.083333 0.340909 1.000000
-0.240700 -0.950303 0.108586 0.340909 1.000000
-0.275841 -0.919985 0.133838 0.340909 1.000000
-0.301078 -0.888827 0.159091 0.340909 1.000000
-0.316582 -0.858351 0.184343 0.340909 1.000000
-0.322895 -0.829649 0.209596 0.340909 1.000000
-0.320783 -0.803419 0.234848 0.340909 1.000000
-0.311119 -0.780032 0.260101 0.340909 1.000000
-0.294803 -0.759618 0.285354 0.340909 1.000000
-0.272720 -0.742141 0.310606 0.340909 1.000000
-0.245710 -0.727464 0.335859 0.340909 1.000000
-0.214562 -0.715397 0.361111 0.340909 1.000000
-0.180011 -0.705733 0.386364 0.340909 1.000000
-0.142746 -0.698273 0.411616 0.340909 1.000000
-0.103411 -0.692842 0.436869 0.340909 1.000000
-0.062622 -0.689301 0.462121 0.340909 1.000000
-0.020969 -0.687555 0.487374 0.340909 1.000000
0.020969 -0.687555 0.512626 0.340909 1.000000
0.062622 -0.689301 0.537879 0.340909 1.000000
0.103411 -0.692842 0.563131 0.340909 1.000000
0.142746 -0.698273 0.588384 0.340909 1.000000
0.180011 -0.705733 0.613636 0.340909 1.000000
0.214562 -0.715397 0.638889 0.340909 1.000000
0.245710 -0.727464 0.664141 0.340909 1.000000
0.272720 -0.742141 0.689394 0.340909 1.000000
0.294803 -0.759618 0.714646 0.340909 1.000000
0.311119 -0.780032 0.739899 0.340909 1.000000
0.320783 -0.803419 0.765152 0.340909 1.000000
0.322895 -0.829649 0.790404 0.340909 1.000000
0.316582 -0.858351 0.815657 0.340909 1.000000
0.301078 -0.888827 0.840909 0.340909 1.000000
0.275841 -0.919985 0.866162 0.340909 1.000000
0.240700 -0.950303 0.891414 0.340909 1.000000
0.196031 -0.977880 0.916667 0.340909 1.000000
-0.176986 -0.973795 0.083333 0.333333 1.000000
-0.217950 -0.949616 0.108586 0.333333 1.000000
-0.250575 -0.922757 0.133838 0.333333 1.000000
-0.274411 -0.894841 0.159091 0.333333 1.000000
-0.289489 -0.867215 0.184343 0.333333 1.000000
-0.296187 -0.840892 0.209596 0.333333 1.000000
-0.295104 -0.816561 0.234848 0.333333 1.000000
-0.286967 -0.794630 0.260101 0.333333 1.000000
-0.272556 -0.775289 0.285354 0.333333 1.000000
-0.252656 -0.758570 0.310606 0.333333 1.000000
-0.228034 -0.744406 0.335859 0.333333 1.000000
-0.199422 -0.732668 0.361111 0.333333 1.000000
-0.167512 -0.723201 0.386364 0.333333 1.000000
-0.132960 -0.715849 0.411616 0.333333 1.000000
-0.096390 -0.710471 0.436869 0.333333 1.000000
-0.058398 -0.706952 0.462121 0.333333 1.000000
-0.019559 -0.705213 0.487374 0.333333 1.000000
0.019559 -0.705213 0.512626 0.333333 1.000000
0.058398 -0.706952 0.537879 0.333333 1.000000
0.096390 -0.710471 0.563131 0.333333 1.000000
0.132960 -0.715849 0.588384 0.333333 1.000000
0.167512 -0.723201 0.613636 0.333333 1.000000
0.199422 -0.732668 0.638889 0.333333 1.000000
0.228034 -0.744406 0.664141 0.333333 1.000000
0.252656 -0.758570 0.689394 0.333333 1.000000
0.272556 -0.775289 0.714646 0.333333 1.000000
0.286967 -0.794630 0.739899 0.333333 1.000000
0.295104 -0.816561 0.765152 0.333333 1.000000
0.296187 -0.840892 0.790404 0.333333 1.000000
0.289489 -0.867215 0.815657 0.333333 1.000000
0.274411 -0.894841 0.840909 0.333333 1.000000
0.250575 -0.922757 0.866162 0.333333 1.000000
0.217950 -0.949616 0.891414 0.333333 1.000000
0.176986 -0.973795 0.916667 0.333333 1.000000
-0.158466 -0.968842 0.083333 0.325758 1.000000
-0.195684 -0.947839 0.108586 0.325758 1.000000
-0.225672 -0.924274 0.133838 0.325758 1.000000
-0.247939 -0.899511 0.159091 0.325758 1.000000
-0.262407 -0.874724 0.184343 0.325758 1.000000
-0.269312 -0.850834 0.209596 0.325758 1.000000
-0.269110 -0.828500 0.234848 0.325758 1.000000
-0.262388 -0.808148 0.260101 0.325758 1.000000
-0.249807 -0.790014 0.285354 0.325758 1.000000
-0.232057 -0.774188 0.310606 0.325758 1.000000
-0.209824 -0.760660 0.335859 0.325758 1.000000
-0.183780 -0.749359 0.361111 0.325758 1.000000
-0.154568 -0.740181 0.386364 0.325758 1.000000
-0.122809 -0.733011 0.411616 0.325758 1.000000
-0.089097 -0.727741 0.436869 0.325758 1.000000
-0.054006 -0.724281 0.462121 0.325758 1.000000
-0.018093 -0.722567 0.487374 0.325758 1.000000
0.018093 -0.722567 0.512626 0.325758 1.000000
0.054006 -0.724281 0.537879 0.325758 1.000000
0.089097 -0.727741 0.563131 0.325758 1.000000
0.122809 -0.733011 0.588384 0.325758 1.000000
0.154568 -0.740181 0.613636 0.325758 1.000000
0.183780 -0.749359 0.638889 0.325758 1.000000
0.209824 -0.760660 0.664141 0.325758 1.000000
0.232057 -0.774188 0.689394 0.325758 1.000000
0.249807 -0.790014 0.714646 0.325758 1.000000
0.262388 -0.808148 0.739899 0.325758 1.000000
0.269110 -0.828500 0.765152 0.325758 1.000000
0.269312 -0.850834 0.790404 0.325758 1.000000
0.262407 -0.874724 0.815657 0.325758 1.000000
0.247939 -0.899511 0.840909 0.325758 1.000000
0.225672 -0.924274 0.866162 0.325758 1.000000
0.195684 -0.947839 0.891414 0.325758 1.000000
0.158466 -0.968842 0.916667 0.325758 1.000000
-0.140461 -0.963059 0.083333 0.318182 1.000000
-0.173907 -0.945015 0.108586 0.318182 1.000000
-0.201152 -0.924574 0.133838 0.318182 1.000000
-0.221694 -0.902866 0.159091 0.318182 1.000000
-0.235373 -0.880891 0.184343 0.318182 1.000000
-0.242313 -0.859469 0.209596 0.318182 1.000000
-0.242837 -0.839217 0.234848 0.318182 1.000000
-0.237410 -0.820560 0.260101 0.318182 1.000000
-0.226580 -0.803763 0.285354 0.318182 1.000000
-0.210936 -0.788961 0.310606 0.318182 1.000000
-0.191087 -0.776197 0.335859 0.318182 1.000000
-0.167636 -0.765447 0.361111 0.318182 1.000000
-0.141177 -0.756656 0.386364 0.318182 1.000000
-0.112288 -0.749747 0.411616 0.318182 1.000000
-0.081528 -0.744645 0.436869 0.318182 1.000000
-0.049443 -0.741284 0.462121 0.318182 1.000000
-0.016568 -0.739615 0.487374 0.318182 1.000000
0.016568 -0.739615 0.512626 0.318182 1.000000
0.049443 -0.741284 0.537879 0.318182 1.000000
0.081528 -0.744645 0.563131 0.318182 1.000000
0.112288 -0.749747 0.588384 0.318182 1.000000
0.141177 -0.756656 0.613636 0.318182 1.000000
0.167636 -0.765447 0.638889 0.318182 1.000000
0.191087 -0.776197 0.664141 0.318182 1.000000
0.210936 -0.788961 0.689394 0.318182 1.000000
0.226580 -0.803763 0.714646 0.318182 1.000000
0.237410 -0.820560 0.739899 0.318182 1.000000
0.242837 -0.839217 0.765152 0.318182 1.000000
0.242313 -0.859469 0.790404 0.318182 1.000000
0.235373 -0.880891 0.815657 0.318182 1.000000
0.221694 -0.902866 0.840909 0.318182 1.000000
0.201152 -0.924574 0.866162 0.318182 1.000000
0.173907 -0.945015 0.891414 0.318182 1.000000
0.140461 -0.963059 0.916667 0.318182 1.000000
-0.122962 -0.956482 0.083333 0.310606 1.000000
-0.152622 -0.941186 0.108586 0.310606 1.000000
-0.177035 -0.923697 0.133838 0.310606 1.000000
-0.195706 -0.904932 0.159091 0.310606 1.000000
-0.208427 -0.885728 0.184343 0.310606 1.000000
-0.215227 -0.866795 0.209596 0.310606 1.000000
-0.216323 -0.848695 0.234848 0.310606 1.000000
-0.212065 -0.831839 0.260101 0.310606 1.000000
-0.202895 -0.816505 0.285354 0.310606 1.000000
-0.189308 -0.802860 0.310606 0.310606 1.000000
-0.171828 -0.790987 0.335859 0.310606 1.000000
-0.150992 -0.780908 0.361111 0.310606 1.000000
-0.127337 -0.772607 0.386364 0.310606 1.000000
-0.101391 -0.766044 0.411616 0.310606 1.000000
-0.073676 -0.761174 0.436869 0.310606 1.000000
-0.044706 -0.757955 0.462121 0.310606 1.000000
-0.014985 -0.756354 0.487374 0.310606 1.000000
0.014985 -0.756354 0.512626 0.310606 1.000000
0.044706 -0.757955 0.537879 0.310606 1.000000
0.073676 -0.761174 0.563131 0.310606 1.000000
0.101391 -0.766044 0.588384 0.310606 1.000000
0.127337 -0.772607 0.613636 0.310606 1.000000
0.150992 -0.780908 0.638889 0.310606 1.000000
0.171828 -0.790987 0.664141 0.310606 1.000000
0.189308 -0.802860 0.689394 0.310606 1.000000
0.202895 -0.816505 0.714646 0.310606 1.000000
0.212065 -0.831839 0.739899 0.310606 1.000000
0.216323 -0.848695 0.765152 0.310606 1.000000
0.215227 -0.866795 0.790404 0.310606 1.000000
0.208427 -0.885728 0.815657 0.310606 1.000000
0.195706 -0.904932 0.840909 0.310606 1.000000
0.177035 -0.923697 0.866162 0.310606 1.000000
0.152622 -0.941186 0.891414 0.310606 1.000000
0.122962 -0.956482 0.916667 0.310606 1.000000
-0.105959 -0.949144 0.083333 0.303030 1.000000
-0.131830 -0.936392 0.108586 0.303030 1.000000
-0.153333 -0.921682 0.133838 0.303030 1.000000
-0.170004 -0.905740 0.159091 0.303030 1.000000
-0.181604 -0.889250 0.184343 0.303030 1.000000
-0.188095 -0.872812 0.209596 0.303030 1.000000
-0.189605 -0.856922 0.234848 0.303030 1.000000
-0.186385 -0.841962 0.260101 0.303030 1.000000
-0.178777 -0.828210 0.285354 0.303030 1.000000
-0.167186 -0.815853 0.310606 0.303030 1.000000
-0.152055 -0.805003 0.335859 0.303030 1.000000
-0.133849 -0.795717 0.361111 0.303030 1.000000
-0.113042 -0.788014 0.386364 0.303030 1.000000
-0.090113 -0.781888 0.411616 0.303030 1.000000
-0.065538 -0.777321 0.436869 0.303030 1.000000
-0.039791 -0.774292 0.462121 0.303030 1.000000
-0.013341 -0.772782 0.487374 0.303030 1.000000
0.013341 -0.772782 0.512626 0.303030 1.000000
0.039791 -0.774292 0.537879 0.303030 1.000000
0.065538 -0.777321 0.563131 0.303030 1.000000
0.090113 -0.781888 0.588384 0.303030 1.000000
0.113042 -0.788014 0.613636 0.303030 1.000000
0.133849 -0.795717 0.638889 0.303030 1.000000
0.152055 -0.805003 0.664141 0.303030 1.000000
0.167186 -0.815853 0.689394 0.303030 1.000000
0.178777 -0.828210 0.714646 0.303030 1.000000
0.186385 -0.841962 0.739899 0.303030 1.000000
0.189605 -0.856922 0.765152 0.303030 1.000000
0.188095 -0.872812 0.790404 0.303030 1.000000
0.181604 -0.889250 0.815657 0.303030 1.000000
0.170004 -0.905740 0.840909 0.303030 1.000000
0.153333 -0.921682 0.866162 0.303030 1.000000
0.131830 -0.936392 0.891414 0.303030 1.000000
0.105959 -0.949144 0.916667 0.303030 1.000000
-0.089442 -0.941077 0.083333 0.295455 1.000000
-0.111530 -0.930672 0.108586 0.295455 1.000000
-0.130061 -0.918568 0.133838 0.295455 1.000000
-0.144612 -0.905322 0.159091 0.295455 1.000000
-0.154938 -0.891476 0.184343 0.295455 1.000000
-0.160956 -0.877523 0.209596 0.295455 1.000000
-0.162720 -0.863886 0.234848 0.295455 1.000000
-0.160400 -0.850907 0.260101 0.295455 1.000000
-0.154250 -0.838850 0.285354 0.295455 1.000000
-0.144588 -0.827909 0.310606 0.295455 1.000000
-0.131776 -0.818214 0.335859 0.295455 1.000000
-0.116207 -0.809848 0.361111 0.295455 1.000000
-0.098291 -0.802859 0.386364 0.295455 1.000000
-0.078449 -0.797266 0.411616 0.295455 1.000000
-0.057107 -0.793076 0.436869 0.295455 1.000000
-0.034693 -0.790288 0.462121 0.295455 1.000000
-0.011636 -0.788895 0.487374 0.295455 1.000000
0.011636 -0.788895 0.512626 0.295455 1.000000
0.034693 -0.790288 0.537879 0.295455 1.000000
0.057107 -0.793076 0.563131 0.295455 1.000000
0.078449 -0.797266 0.588384 0.295455 1.000000
0.098291 -0.802859 0.613636 0.295455 1.000000
0.116207 -0.809848 0.638889 0.295455 1.000000
0.131776 -0.818214 0.664141 0.295455 1.000000
0.144588 -0.827909 0.689394 0.295455 1.000000
0.154250 -0.838850 0.714646 0.295455 1.000000
0.160400 -0.850907 0.739899 0.295455 1.000000
0.162720 -0.863886 0.765152 0.295455 1.000000
0.160956 -0.877523 0.790404 0.295455 1.000000
0.154938 -0.891476 0.815657 0.295455 1.000000
0.144612 -0.905322 0.840909 0.295455 1.000000
0.130061 -0.918568 0.866162 0.295455 1.000000
0.111530 -0.930672 0.891414 0.295455 1.000000
0.089442 -0.941077 0.916667 0.295455 1.000000
-0.073402 -0.932309 0.083333 0.287879 1.000000
-0.091724 -0.924063 0.108586 0.287879 1.000000
-0.107231 -0.914391 0.133838 0.287879 1.000000
-0.119556 -0.903708 0.159091 0.287879 1.000000
-0.128464 -0.892426 0.184343 0.287879 1.000000
-0.133846 -0.880933 0.209596 0.287879 1.000000
-0.135706 -0.869578 0.234848 0.287879 1.000000
-0.134145 -0.858653 0.260101 0.287879 1.000000
-0.129340 -0.848397 0.285354 0.287879 1.000000
-0.121529 -0.838996 0.310606 0.287879 1.000000
-0.110999 -0.830590 0.335859 0.287879 1.000000
-0.098068 -0.823275 0.361111 0.287879 1.000000
-0.083080 -0.817118 0.386364 0.287879 1.000000
-0.066393 -0.812162 0.411616 0.287879 1.000000
-0.048377 -0.808431 0.436869 0.287879 1.000000
-0.029409 -0.805939 0.462121 0.287879 1.000000
-0.009867 -0.804691 0.487374 0.287879 1.000000
0.009867 -0.804691 0.512626 0.287879 1.000000
0.029409 -0.805939 0.537879 0.287879 1.000000
0.048377 -0.808431 0.563131 0.287879 1.000000
0.066393 -0.812162 0.588384 0.287879 1.000000
0.083080 -0.817118 0.613636 0.287879 1.000000
0.098068 -0.823275 0.638889 0.287879 1.000000
0.110999 -0.830590 0.664141 0.287879 1.000000
0.121529 -0.838996 0.689394 0.287879 1.000000
0.129340 -0.848397 0.714646 0.287879 1.000000
0.134145 -0.858653 0.739899 0.287879 1.000000
0.135706 -0.869578 0.765152 0.287879 1.000000
0.133846 -0.880933 0.790404 0.287879 1.000000
0.128464 -0.892426 0.815657 0.287879 1.000000
0.119556 -0.903708 0.840909 0.287879 1.000000
0.107231 -0.914391 0.866162 0.287879 1.000000
0.091724 -0.924063 0.891414 0.287879 1.000000
0.073402 -0.932309 0.916667 0.287879 1.000000
-0.057827 -0.922867 0.083333 0.280303 1.000000
-0.072408 -0.916600 0.108586 0.280303 1.000000
-0.084852 -0.909190 0.133838 0.280303 1.000000
-0.094856 -0.900931 0.159091 0.280303 1.000000
-0.102212 -0.892121 0.184343 0.280303 1.000000
-0.106803 -0.883052 0.209596 0.280303 1.000000
-0.108601 -0.873993 0.234848 0.280303 1.000000
-0.107652 -0.865182 0.260101 0.280303 1.000000
-0.104072 -0.856824 0.285354 0.280303 1.000000
-0.098028 -0.849085 0.310606 0.280303 1.000000
-0.089733 -0.842100 0.335859 0.280303 1.000000
-0.079434 -0.835970 0.361111 0.280303 1.000000
-0.067405 -0.830772 0.386364 0.280303 1.000000
-0.053939 -0.826562 0.411616 0.280303 1.000000
-0.039342 -0.823376 0.436869 0.280303 1.000000
-0.023932 -0.821240 0.462121 0.280303 1.000000
-0.008032 -0.820169 0.487374 0.280303 1.000000
0.008032 -0.820169 0.512626 0.280303 1.000000
0.023932 -0.821240 0.537879 0.280303 1.000000
0.039342 -0.823376 0.563131 0.280303 1.000000
0.053939 -0.826562 0.588384 0.280303 1.000000
0.067405 -0.830772 0.613636 0.280303 1.000000
0.079434 -0.835970 0.638889 0.280303 1.000000
0.089733 -0.842100 0.664141 0.280303 1.000000
0.098028 -0.849085 0.689394 0.280303 1.000000
0.104072 -0.856824 0.714646 0.280303 1.000000
0.107652 -0.865182 0.739899 0.280303 1.000000
0.108601 -0.873993 0.765152 0.280303 1.000000
0.106803 -0.883052 0.790404 0.280303 1.000000
0.102212 -0.892121 0.815657 0.280303 1.000000
0.094856 -0.900931 0.840909 0.280303 1.000000
0.084852 -0.909190 0.866162 0.280303 1.000000
0.072408 -0.916600 0.891414 0.280303 1.000000
0.057827 -0.922867 0.916667 0.280303 1.000000
-0.042709 -0.912777 0.083333 0.272727 1.000000
-0.053581 -0.908316 0.108586 0.272727 1.000000
-0.062933 -0.903001 0.133838 0.272727 1.000000
-0.070533 -0.897024 0.159091 0.272727 1.000000
-0.076212 -0.890586 0.184343 0.272727 1.000000
-0.079862 -0.883889 0.209596 0.272727 1.000000
-0.081440 -0.877127 0.234848 0.272727 1.000000
-0.080957 -0.870480 0.260101 0.272727 1.000000
-0.078475 -0.864106 0.285354 0.272727 1.000000
-0.074104 -0.858145 0.310606 0.272727 1.000000
-0.067988 -0.852713 0.335859 0.272727 1.000000
-0.060307 -0.847905 0.361111 0.272727 1.000000
-0.051263 -0.843797 0.386364 0.272727 1.000000
-0.041079 -0.840448 0.411616 0.272727 1.000000
-0.029995 -0.837901 0.436869 0.272727 1.000000
-0.018259 -0.836188 0.462121 0.272727 1.000000
-0.006130 -0.835326 0.487374 0.272727 1.000000
0.006130 -0.835326 0.512626 0.272727 1.000000
0.018259 -0.836188 0.537879 0.272727 1.000000
0.029995 -0.837901 0.563131 0.272727 1.000000
0.041079 -0.840448 0.588384 0.272727 1.000000
0.051263 -0.843797 0.613636 0.272727 1.000000
0.060307 -0.847905 0.638889 0.272727 1.000000
0.067988 -0.852713 0.664141 0.272727 1.000000
0.074104 -0.858145 0.689394 0.272727 1.000000
0.078475 -0.864106 0.714646 0.272727 1.000000
0.080957 -0.870480 0.739899 0.272727 1.000000
0.081440 -0.877127 0.765152 0.272727 1.000000
0.079862 -0.883889 0.790404 0.272727 1.000000
0.076212 -0.890586 0.815657 0.272727 1.000000
0.070533 -0.897024 0.840909 0.272727 1.000000
0.062933 -0.903001 0.866162 0.272727 1.000000
0.053581 -0.908316 0.891414 0.272727 1.000000
0.042709 -0.912777 0.916667 0.272727 1.000000
-0.028038 -0.902064 0.083333 0.265152 1.000000
-0.035240 -0.899243 0.108586 0.265152 1.000000
-0.041481 -0.895859 0.133838 0.265152 1.000000
-0.046605 -0.892020 0.159091 0.265152 1.000000
-0.050492 -0.887845 0.184343 0.265152 1.000000
-0.053059 -0.883457 0.209596 0.265152 1.000000
-0.054262 -0.878980 0.234848 0.265152 1.000000
-0.054092 -0.874531 0.260101 0.265152 1.000000
-0.052577 -0.870220 0.285354 0.265152 1.000000
-0.049776 -0.866146 0.310606 0.265152 1.000000
-0.045776 -0.862397 0.335859 0.265152 1.000000
-0.040690 -0.859051 0.361111 0.265152 1.000000
-0.034650 -0.856169 0.386364 0.265152 1.000000
-0.027808 -0.853804 0.411616 0.265152 1.000000
-0.020327 -0.851997 0.436869 0.265152 1.000000
-0.012384 -0.850775 0.462121 0.265152 1.000000
-0.004159 -0.850160 0.487374 0.265152 1.000000
0.004159 -0.850160 0.512626 0.265152 1.000000
0.012384 -0.850775 0.537879 0.265152 1.000000
0.020327 -0.851997 0.563131 0.265152 1.000000
0.027808 -0.853804 0.588384 0.265152 1.000000
0.034650 -0.856169 0.613636 0.265152 1.000000
0.040690 -0.859051 0.638889 0.265152 1.000000
0.045776 -0.862397 0.664141 0.265152 1.000000
0.049776 -0.866146 0.689394 0.265152 1.000000
0.052577 -0.870220 0.714646 0.265152 1.000000
0.054092 -0.874531 0.739899 0.265152 1.000000
0.054262 -0.878980 0.765152 0.265152 1.000000
0.053059 -0.883457 0.790404 0.265152 1.000000
0.050492 -0.887845 0.815657 0.265152 1.000000
0.046605 -0.892020 0.840909 0.265152 1.000000
0.041481 -0.895859 0.866162 0.265152 1.000000
0.035240 -0.899243 0.891414 0.265152 1.000000
0.028038 -0.902064 0.916667 0.265152 1.000000
-0.013805 -0.890748 0.083333 0.257576 1.000000
-0.017380 -0.889413 0.108586 0.257576 1.000000
-0.020501 -0.887798 0.133838 0.257576 1.000000
-0.023089 -0.885952 0.159091 0.257576 1.000000
-0.025080 -0.883925 0.184343 0.257576 1.000000
-0.026428 -0.881773 0.209596 0.257576 1.000000
-0.027103 -0.879554 0.234848 0.257576 1.000000
-0.027095 -0.877325 0.260101 0.257576 1.000000
-0.026409 -0.875142 0.285354 0.257576 1.000000
-0.025068 -0.873058 0.310606 0.257576 1.000000
-0.023109 -0.871121 0.335859 0.257576 1.000000
-0.020586 -0.869377 0.361111 0.257576 1.000000
-0.017564 -0.867863 0.386364 0.257576 1.000000
-0.014117 -0.866612 0.411616 0.257576 1.000000
-0.010332 -0.865651 0.436869 0.257576 1.000000
-0.006300 -0.864999 0.462121 0.257576 1.000000
-0.002117 -0.864670 0.487374 0.257576 1.000000
0.002117 -0.864670 0.512626 0.257576 1.000000
0.006300 -0.864999 0.537879 0.257576 1.000000
0.010332 -0.865651 0.563131 0.257576 1.000000
0.014117 -0.866612 0.588384 0.257576 1.000000
0.017564 -0.867863 0.613636 0.257576 1.000000
0.020586 -0.869377 0.638889 0.257576 1.000000
0.023109 -0.871121 0.664141 0.257576 1.000000
0.025068 -0.873058 0.689394 0.257576 1.000000
0.026409 -0.875142 0.714646 0.257576 1.000000
0.027095 -0.877325 0.739899 0.257576 1.000000
0.027103 -0.879554 0.765152 0.257576 1.000000
0.026428 -0.881773 0.790404 0.257576 1.000000
0.025080 -0.883925 0.815657 0.257576 1.000000
0.023089 -0.885952 0.840909 0.257576 1.000000
0.020501 -0.887798 0.866162 0.257576 1.000000
0.017380 -0.889413 0.891414 0.257576 1.000000
0.013805 -0.890748 0.916667 0.257576 1.000000
0.000000 -0.878853 0.083333 0.250000 1.000000
0.000000 -0.878853 0.108586 0.250000 1.000000
0.000000 -0.878853 0.133838 0.250000 1.000000
0.000000 -0.878853 0.159091 0.250000 1.000000
0.000000 -0.878853 0.184343 0.250000 1.000000
0.000000 -0.878853 0.209596 0.250000 1.000000
0.000000 -0.878853 0.234848 0.250000 1.000000
0.000000 -0.878853 0.260101 0.250000 1.000000
0.000000 -0.878853 0.285354 0.250000 1.000000
0.000000 -0.878853 0.310606 0.250000 1.000000
0.000000 -0.878853 0.335859 0.250000 1.000000
0.000000 -0.878853 0.361111 0.250000 1.000000
0.000000 -0.878853 0.386364 0.250000 1.000000
0.000000 -0.878853 0.411616 0.250000 1.000000
0.000000 -0.878853 0.436869 0.250000 1.000000
0.000000 -0.878853 0.462121 0.250000 1.000000
0.000000 -0.878853 0.487374 0.250000 1.000000
0.000000 -0.878853 0.512626 0.250000 1.000000
0.000000 -0.878853 0.537879 0.250000 1.000000
0.000000 -0.878853 0.563131 0.250000 1.000000
0.000000 -0.878853 0.588384 0.250000 1.000000
0.000000 -0.878853 0.613636 0.250000 1.000000
0.000000 -0.878853 0.638889 0.250000 1.000000
0.000000 -0.878853 0.664141 0.250000 1.000000
0.000000 -0.878853 0.689394 0.250000 1.000000
0.000000 -0.878853 0.714646 0.250000 1.000000
0.000000 -0.878853 0.739899 0.250000 1.000000
0.000000 -0.878853 0.765152 0.250000 1.000000
0.000000 -0.878853 0.790404 0.250000 1.000000
0.000000 -0.878853 0.815657 0.250000 1.000000
0.000000 -0.878853 0.840909 0.250000 1.000000
0.000000 -0.878853 0.866162 0.250000 1.000000
0.000000 -0.878853 0.891414 0.250000 1.000000
0.000000 -0.878853 0.916667 0.250000 1.000000
