2
34 34
-0.661470 -0.716877 0.000000 -0.000000 1.000000
-0.726338 -0.615024 0.030303 -0.000000 1.000000
-0.761348 -0.535752 0.060606 -0.000000 1.000000
-0.777055 -0.474487 0.090909 -0.000000 1.000000
-0.779037 -0.426854 0.121212 -0.000000 1.000000
-0.770156 -0.389504 0.151515 -0.000000 1.000000
-0.751783 -0.360026 0.181818 -0.000000 1.000000
-0.724435 -0.336700 0.212121 -0.000000 1.000000
-0.688120 -0.318292 0.242424 -0.000000 1.000000
-0.642544 -0.303891 0.272727 -0.000000 1.000000
-0.587270 -0.292804 0.303030 -0.000000 1.000000
-0.521874 -0.284475 0.333333 -0.000000 1.000000
-0.446136 -0.278430 0.363636 -0.000000 1.000000
-0.360261 -0.274242 0.393939 -0.000000 1.000000
-0.265117 -0.271523 0.424242 -0.000000 1.000000
-0.162412 -0.269932 0.454545 -0.000000 1.000000
-0.054719 -0.269209 0.484848 -0.000000 1.000000
0.054719 -0.269209 0.515152 -0.000000 1.000000
0.162412 -0.269932 0.545455 -0.000000 1.000000
0.265117 -0.271523 0.575758 -0.000000 1.000000
0.360261 -0.274242 0.606061 -0.000000 1.000000
0.446136 -0.278430 0.636364 -0.000000 1.000000
0.521874 -0.284475 0.666667 -0.000000 1.000000
0.587270 -0.292804 0.696970 -0.000000 1.000000
0.642544 -0.303891 0.727273 -0.000000 1.000000
0.688120 -0.318292 0.757576 -0.000000 1.000000
0.724435 -0.336700 0.787879 -0.000000 1.000000
0.751783 -0.360026 0.818182 -0.000000 1.000000
0.770156 -0.389504 0.848485 -0.000000 1.000000
0.779037 -0.426854 0.878788 -0.000000 1.000000
0.777055 -0.474487 0.909091 -0.000000 1.000000
0.761348 -0.535752 0.939394 -0.000000 1.000000
0.726338 -0.615024 0.969697 -0.000000 1.000000
0.661470 -0.716877 1.000000 -0.000000 1.000000
-0.629928 -0.753766 0.000566 0.015152 1.000000
-0.699271 -0.654705 0.030835 0.015152 1.000000
-0.738303 -0.575479 0.061104 0.015152 1.000000
-0.757127 -0.513158 0.091372 0.015152 1.000000
-0.761420 -0.464160 0.121641 0.015152 1.000000
-0.754238 -0.425482 0.151910 0.015152 1.000000
-0.737127 -0.394849 0.182179 0.015152 1.000000
-0.710752 -0.370582 0.212447 0.015152 1.000000
-0.675240 -0.351446 0.242716 0.015152 1.000000
-0.630405 -0.336512 0.272985 0.015152 1.000000
-0.575914 -0.325058 0.303253 0.015152 1.000000
-0.511446 -0.316497 0.333522 0.015152 1.000000
-0.436877 -0.310322 0.363791 0.015152 1.000000
-0.352493 -0.306075 0.394060 0.015152 1.000000
-0.259203 -0.303340 0.424328 0.015152 1.000000
-0.158696 -0.301751 0.454597 0.015152 1.000000
-0.053450 -0.301032 0.484866 0.015152 1.000000
0.053450 -0.301032 0.515134 0.015152 1.000000
0.158696 -0.301751 0.545403 0.015152 1.000000
0.259203 -0.303340 0.575672 0.015152 1.000000
0.352493 -0.306075 0.605940 0.015152 1.000000
0.436877 -0.310322 0.636209 0.015152 1.000000
0.511446 -0.316497 0.666478 0.015152 1.000000
0.575914 -0.325058 0.696747 0.015152 1.000000
0.630405 -0.336512 0.727015 0.015152 1.000000
0.675240 -0.351446 0.757284 0.015152 1.000000
0.710752 -0.370582 0.787553 0.015152 1.000000
0.737127 -0.394849 0.817821 0.015152 1.000000
0.754238 -0.425482 0.848090 0.015152 1.000000
0.761420 -0.464160 0.878359 0.015152 1.000000
0.757127 -0.513158 0.908628 0.015152 1.000000
0.738303 -0.575479 0.938896 0.015152 1.000000
0.699271 -0.654705 0.969165 0.015152 1.000000
0.629928 -0.753766 0.999434 0.015152 1.000000
-0.599160 -0.786141 0.002264 0.030303 1.000000
-0.671984 -0.690727 0.032430 0.030303 1.000000
-0.714545 -0.612376 0.062596 0.030303 1.000000
-0.736280 -0.549629 0.092761 0.030303 1.000000
-0.742820 -0.499708 0.122927 0.030303 1.000000
-0.737340 -0.460003 0.153093 0.030303 1.000000
-0.721532 -0.428413 0.183259 0.030303 1.000000
-0.696189 -0.403332 0.213425 0.030303 1.000000
-0.661553 -0.383542 0.243591 0.030303 1.000000
-0.617544 -0.368109 0.273756 0.030303 1.000000
-0.563930 -0.356293 0.303922 0.030303 1.000000
-0.500490 -0.347483 0.334088 0.030303 1.000000
-0.427197 -0.341148 0.364254 0.030303 1.000000
-0.344410 -0.336805 0.394420 0.030303 1.000000
-0.253076 -0.334016 0.424585 0.030303 1.000000
-0.154858 -0.332400 0.454751 0.030303 1.000000
-0.052142 -0.331671 0.484917 0.030303 1.000000
0.052142 -0.331671 0.515083 0.030303 1.000000
0.154858 -0.332400 0.545249 0.030303 1.000000
0.253076 -0.334016 0.575415 0.030303 1.000000
0.344410 -0.336805 0.605580 0.030303 1.000000
0.427197 -0.341148 0.635746 0.030303 1.000000
0.500490 -0.347483 0.665912 0.030303 1.000000
0.563930 -0.356293 0.696078 0.030303 1.000000
0.617544 -0.368109 0.726244 0.030303 1.000000
0.661553 -0.383542 0.756409 0.030303 1.000000
0.696189 -0.403332 0.786575 0.030303 1.000000
0.721532 -0.428413 0.816741 0.030303 1.000000
0.737340 -0.460003 0.846907 0.030303 1.000000
0.742820 -0.499708 0.877073 0.030303 1.000000
0.736280 -0.549629 0.907239 0.030303 1.000000
0.714545 -0.612376 0.937404 0.030303 1.000000
0.671984 -0.690727 0.967570 0.030303 1.000000
0.599160 -0.786141 0.997736 0.030303 1.000000
-0.569293 -0.814523 0.005089 0.045455 1.000000
-0.644667 -0.723354 0.035084 0.045455 1.000000
-0.690242 -0.646564 0.065078 0.045455 1.000000
-0.714643 -0.583953 0.095073 0.045455 1.000000
-0.723334 -0.533524 0.125068 0.045455 1.000000
-0.719540 -0.493080 0.155062 0.045455 1.000000
-0.705060 -0.460730 0.185057 0.045455 1.000000
-0.680799 -0.434962 0.215051 0.045455 1.000000
-0.647107 -0.414594 0.245046 0.045455 1.000000
-0.604003 -0.398700 0.275041 0.045455 1.000000
-0.551357 -0.386532 0.305035 0.045455 1.000000
-0.489045 -0.377464 0.335030 0.045455 1.000000
-0.417130 -0.370945 0.365024 0.045455 1.000000
-0.336041 -0.366475 0.395019 0.045455 1.000000
-0.246755 -0.363601 0.425014 0.045455 1.000000
-0.150910 -0.361933 0.455008 0.045455 1.000000
-0.050798 -0.361179 0.485003 0.045455 1.000000
0.050798 -0.361179 0.514997 0.045455 1.000000
0.150910 -0.361933 0.544992 0.045455 1.000000
0.246755 -0.363601 0.574986 0.045455 1.000000
0.336041 -0.366475 0.604981 0.045455 1.000000
0.417130 -0.370945 0.634976 0.045455 1.000000
0.489045 -0.377464 0.664970 0.045455 1.000000
0.551357 -0.386532 0.694965 0.045455 1.000000
0.604003 -0.398700 0.724959 0.045455 1.000000
0.647107 -0.414594 0.754954 0.045455 1.000000
0.680799 -0.434962 0.784949 0.045455 1.000000
0.705060 -0.460730 0.814943 0.045455 1.000000
0.719540 -0.493080 0.844938 0.045455 1.000000
0.723334 -0.533524 0.874932 0.045455 1.000000
0.714643 -0.583953 0.904927 0.045455 1.000000
0.690242 -0.646564 0.934922 0.045455 1.000000
0.644667 -0.723354 0.964916 0.045455 1.000000
0.569293 -0.814523 0.994911 0.045455 1.000000
-0.540396 -0.839376 0.009036 0.060606 1.000000
-0.617468 -0.752844 0.038791 0.060606 1.000000
-0.665537 -0.678169 0.068546 0.060606 1.000000
-0.692333 -0.616190 0.098302 0.060606 1.000000
-0.703053 -0.565634 0.128057 0.060606 1.000000
-0.700909 -0.524730 0.157813 0.060606 1.000000
-0.687769 -0.491812 0.187568 0.060606 1.000000
-0.664632 -0.465484 0.217324 0.060606 1.000000
-0.631945 -0.444618 0.247079 0.060606 1.000000
-0.589824 -0.428305 0.276834 0.060606 1.000000
-0.538233 -0.415800 0.306590 0.060606 1.000000
-0.477144 -0.406468 0.336345 0.060606 1.000000
-0.406704 -0.399747 0.366101 0.060606 1.000000
-0.327409 -0.395125 0.395856 0.060606 1.000000
-0.240259 -0.392142 0.425611 0.060606 1.000000
-0.146863 -0.390402 0.455367 0.060606 1.000000
-0.049422 -0.389612 0.485122 0.060606 1.000000
0.049422 -0.389612 0.514878 0.060606 1.000000
0.146863 -0.390402 0.544633 0.060606 1.000000
0.240259 -0.392142 0.574389 0.060606 1.000000
0.327409 -0.395125 0.604144 0.060606 1.000000
0.406704 -0.399747 0.633899 0.060606 1.000000
0.477144 -0.406468 0.663655 0.060606 1.000000
0.538233 -0.415800 0.693410 0.060606 1.000000
0.589824 -0.428305 0.723166 0.060606 1.000000
0.631945 -0.444618 0.752921 0.060606 1.000000
0.664632 -0.465484 0.782676 0.060606 1.000000
0.687769 -0.491812 0.812432 0.060606 1.000000
0.700909 -0.524730 0.842187 0.060606 1.000000
0.703053 -0.565634 0.871943 0.060606 1.000000
0.692333 -0.616190 0.901698 0.060606 1.000000
0.665537 -0.678169 0.931454 0.060606 1.000000
0.617468 -0.752844 0.961209 0.060606 1.000000
0.540396 -0.839376 0.990964 0.060606 1.000000
-0.512495 -0.861108 0.014094 0.075758 1.000000
-0.590500 -0.779442 0.043543 0.075758 1.000000
-0.640552 -0.707320 0.072992 0.075758 1.000000
-0.669455 -0.646403 0.102441 0.075758 1.000000
-0.682062 -0.596071 0.131890 0.075758 1.000000
-0.681513 -0.554968 0.161338 0.075758 1.000000
-0.669713 -0.521670 0.190787 0.075758 1.000000
-0.647733 -0.494910 0.220236 0.075758 1.000000
-0.616107 -0.473626 0.249685 0.075758 1.000000
-0.575041 -0.456942 0.279134 0.075758 1.000000
-0.524590 -0.444119 0.308583 0.075758 1.000000
-0.464816 -0.434524 0.338031 0.075758 1.000000
-0.395946 -0.427588 0.367480 0.075758 1.000000
-0.318534 -0.422796 0.396929 0.075758 1.000000
-0.233602 -0.419684 0.426378 0.075758 1.000000
-0.142726 -0.417856 0.455827 0.075758 1.000000
-0.048018 -0.417021 0.485276 0.075758 1.000000
0.048018 -0.417021 0.514724 0.075758 1.000000
0.142726 -0.417856 0.544173 0.075758 1.000000
0.233602 -0.419684 0.573622 0.075758 1.000000
0.318534 -0.422796 0.603071 0.075758 1.000000
0.395946 -0.427588 0.632520 0.075758 1.000000
0.464816 -0.434524 0.661969 0.075758 1.000000
0.524590 -0.444119 0.691417 0.075758 1.000000
0.575041 -0.456942 0.720866 0.075758 1.000000
0.616107 -0.473626 0.750315 0.075758 1.000000
0.647733 -0.494910 0.779764 0.075758 1.000000
0.669713 -0.521670 0.809213 0.075758 1.000000
0.681513 -0.554968 0.838662 0.075758 1.000000
0.682062 -0.596071 0.868110 0.075758 1.000000
0.669455 -0.646403 0.897559 0.075758 1.000000
0.640552 -0.707320 0.927008 0.075758 1.000000
0.590500 -0.779442 0.956457 0.075758 1.000000
0.512495 -0.861108 0.985906 0.075758 1.000000
-0.485589 -0.880076 0.020254 0.090909 1.000000
-0.563848 -0.803378 0.049329 0.090909 1.000000
-0.615392 -0.734145 0.078405 0.090909 1.000000
-0.646102 -0.674658 0.107480 0.090909 1.000000
-0.660435 -0.624868 0.136556 0.090909 1.000000
-0.661413 -0.583814 0.165631 0.090909 1.000000
-0.650941 -0.550317 0.194707 0.090909 1.000000
-0.630145 -0.523251 0.223782 0.090909 1.000000
-0.599630 -0.501633 0.252858 0.090909 1.000000
-0.559687 -0.484626 0.281933 0.090909 1.000000
-0.510457 -0.471511 0.311009 0.090909 1.000000
-0.452087 -0.461658 0.340085 0.090909 1.000000
-0.384877 -0.454502 0.369160 0.090909 1.000000
-0.309434 -0.449526 0.398236 0.090909 1.000000
-0.226797 -0.446270 0.427311 0.090909 1.000000
-0.138507 -0.444343 0.456387 0.090909 1.000000
-0.046587 -0.443456 0.485462 0.090909 1.000000
0.046587 -0.443456 0.514538 0.090909 1.000000
0.138507 -0.444343 0.543613 0.090909 1.000000
0.226797 -0.446270 0.572689 0.090909 1.000000
0.309434 -0.449526 0.601764 0.090909 1.000000
0.384877 -0.454502 0.630840 0.090909 1.000000
0.452087 -0.461658 0.659915 0.090909 1.000000
0.510457 -0.471511 0.688991 0.090909 1.000000
0.559687 -0.484626 0.718067 0.090909 1.000000
0.599630 -0.501633 0.747142 0.090909 1.000000
0.630145 -0.523251 0.776218 0.090909 1.000000
0.650941 -0.550317 0.805293 0.090909 1.000000
0.661413 -0.583814 0.834369 0.090909 1.000000
0.660435 -0.624868 0.863444 0.090909 1.000000
0.646102 -0.674658 0.892520 0.090909 1.000000
0.615392 -0.734145 0.921595 0.090909 1.000000
0.563848 -0.803378 0.950671 0.090909 1.000000
0.485589 -0.880076 0.979746 0.090909 1.000000
-0.459656 -0.896587 0.027500 0.106061 1.000000
-0.537574 -0.824865 0.056136 0.106061 1.000000
-0.590143 -0.758769 0.084772 0.106061 1.000000
-0.622357 -0.701023 0.113409 0.106061 1.000000
-0.638246 -0.652059 0.142045 0.106061 1.000000
-0.640668 -0.611286 0.170682 0.106061 1.000000
-0.631501 -0.577764 0.199318 0.106061 1.000000
-0.611905 -0.550518 0.227954 0.106061 1.000000
-0.582547 -0.528652 0.256591 0.106061 1.000000
-0.543792 -0.511375 0.285227 0.106061 1.000000
-0.495861 -0.497995 0.313863 0.106061 1.000000
-0.438978 -0.487896 0.342500 0.106061 1.000000
-0.373515 -0.480518 0.371136 0.106061 1.000000
-0.300124 -0.475352 0.399773 0.106061 1.000000
-0.219854 -0.471942 0.428409 0.106061 1.000000
-0.134211 -0.469905 0.457045 0.106061 1.000000
-0.045132 -0.468962 0.485682 0.106061 1.000000
0.045132 -0.468962 0.514318 0.106061 1.000000
0.134211 -0.469905 0.542955 0.106061 1.000000
0.219854 -0.471942 0.571591 0.106061 1.000000
0.300124 -0.475352 0.600227 0.106061 1.000000
0.373515 -0.480518 0.628864 0.106061 1.000000
0.438978 -0.487896 0.657500 0.106061 1.000000
0.495861 -0.497995 0.686137 0.106061 1.000000
0.543792 -0.511375 0.714773 0.106061 1.000000
0.582547 -0.528652 0.743409 0.106061 1.000000
0.611905 -0.550518 0.772046 0.106061 1.000000
0.631501 -0.577764 0.800682 0.106061 1.000000
0.640668 -0.611286 0.829318 0.106061 1.000000
0.638246 -0.652059 0.857955 0.106061 1.000000
0.622357 -0.701023 0.886591 0.106061 1.000000
0.590143 -0.758769 0.915228 0.106061 1.000000
0.537574 -0.824865 0.943864 0.106061 1.000000
0.459656 -0.896587 0.972500 0.106061 1.000000
-0.434663 -0.910908 0.035816 0.121212 1.000000
-0.511722 -0.844097 0.063948 0.121212 1.000000
-0.564878 -0.781313 0.092081 0.121212 1.000000
-0.598295 -0.725565 0.120213 0.121212 1.000000
-0.615557 -0.677681 0.148345 0.121212 1.000000
-0.619330 -0.637403 0.176478 0.121212 1.000000
-0.611438 -0.604024 0.204610 0.121212 1.000000
-0.593052 -0.576721 0.232743 0.121212 1.000000
-0.564890 -0.554692 0.260875 0.121212 1.000000
-0.527383 -0.537202 0.289007 0.121212 1.000000
-0.480825 -0.523591 0.317140 0.121212 1.000000
-0.425511 -0.513261 0.345272 0.121212 1.000000
-0.361877 -0.505666 0.373404 0.121212 1.000000
-0.290615 -0.500306 0.401537 0.121212 1.000000
-0.212782 -0.496737 0.429669 0.121212 1.000000
-0.129843 -0.494587 0.457801 0.121212 1.000000
-0.043654 -0.493584 0.485934 0.121212 1.000000
0.043654 -0.493584 0.514066 0.121212 1.000000
0.129843 -0.494587 0.542199 0.121212 1.000000
0.212782 -0.496737 0.570331 0.121212 1.000000
0.290615 -0.500306 0.598463 0.121212 1.000000
0.361877 -0.505666 0.626596 0.121212 1.000000
0.425511 -0.513261 0.654728 0.121212 1.000000
0.480825 -0.523591 0.682860 0.121212 1.000000
0.527383 -0.537202 0.710993 0.121212 1.000000
0.564890 -0.554692 0.739125 0.121212 1.000000
0.593052 -0.576721 0.767257 0.121212 1.000000
0.611438 -0.604024 0.795390 0.121212 1.000000
0.619330 -0.637403 0.823522 0.121212 1.000000
0.615557 -0.677681 0.851655 0.121212 1.000000
0.598295 -0.725565 0.879787 0.121212 1.000000
0.564878 -0.781313 0.907919 0.121212 1.000000
0.511722 -0.844097 0.936052 0.121212 1.000000
0.434663 -0.910908 0.964184 0.121212 1.000000
-0.410568 -0.923269 0.045184 0.136364 1.000000
-0.486320 -0.861253 0.072749 0.136364 1.000000
-0.539657 -0.801893 0.100313 0.136364 1.000000
-0.573981 -0.748350 0.127878 0.136364 1.000000
-0.592429 -0.701770 0.155442 0.136364 1.000000
-0.597451 -0.662184 0.183007 0.136364 1.000000
-0.590792 -0.629109 0.210572 0.136364 1.000000
-0.573620 -0.601871 0.238136 0.136364 1.000000
-0.546689 -0.579766 0.265701 0.136364 1.000000
-0.510485 -0.562122 0.293265 0.136364 1.000000
-0.465369 -0.548316 0.320830 0.136364 1.000000
-0.411703 -0.537776 0.348395 0.136364 1.000000
-0.349977 -0.529973 0.375959 0.136364 1.000000
-0.280919 -0.524422 0.403524 0.136364 1.000000
-0.205587 -0.520692 0.431088 0.136364 1.000000
-0.125408 -0.518425 0.458653 0.136364 1.000000
-0.042154 -0.517361 0.486218 0.136364 1.000000
0.042154 -0.517361 0.513782 0.136364 1.000000
0.125408 -0.518425 0.541347 0.136364 1.000000
0.205587 -0.520692 0.568912 0.136364 1.000000
0.280919 -0.524422 0.596476 0.136364 1.000000
0.349977 -0.529973 0.624041 0.136364 1.000000
0.411703 -0.537776 0.651605 0.136364 1.000000
0.465369 -0.548316 0.679170 0.136364 1.000000
0.510485 -0.562122 0.706735 0.136364 1.000000
0.546689 -0.579766 0.734299 0.136364 1.000000
0.573620 -0.601871 0.761864 0.136364 1.000000
0.590792 -0.629109 0.789428 0.136364 1.000000
0.597451 -0.662184 0.816993 0.136364 1.000000
0.592429 -0.701770 0.844558 0.136364 1.000000
0.573981 -0.748350 0.872122 0.136364 1.000000
0.539657 -0.801893 0.899687 0.136364 1.000000
0.486320 -0.861253 0.927251 0.136364 1.000000
0.410568 -0.923269 0.954816 0.136364 1.000000
-0.387325 -0.933867 0.055582 0.151515 1.000000
-0.461385 -0.876494 0.082517 0.151515 1.000000
-0.514530 -0.820616 0.109451 0.151515 1.000000
-0.549473 -0.769445 0.136385 0.151515 1.000000
-0.568917 -0.724362 0.163320 0.151515 1.000000
-0.575078 -0.685650 0.190254 0.151515 1.000000
-0.569603 -0.653029 0.217189 0.151515 1.000000
-0.553641 -0.625975 0.244123 0.151515 1.000000
-0.527968 -0.603882 0.271058 0.151515 1.000000
-0.493120 -0.586146 0.297992 0.151515 1.000000
-0.449513 -0.572187 0.324926 0.151515 1.000000
-0.397569 -0.561462 0.351861 0.151515 1.000000
-0.337827 -0.553464 0.378795 0.151515 1.000000
-0.271044 -0.547728 0.405730 0.151515 1.000000
-0.198276 -0.543840 0.432664 0.151515 1.000000
-0.120909 -0.541458 0.459598 0.151515 1.000000
-0.040635 -0.540332 0.486533 0.151515 1.000000
0.040635 -0.540332 0.513467 0.151515 1.000000
0.120909 -0.541458 0.540402 0.151515 1.000000
0.198276 -0.543840 0.567336 0.151515 1.000000
0.271044 -0.547728 0.594270 0.151515 1.000000
0.337827 -0.553464 0.621205 0.151515 1.000000
0.397569 -0.561462 0.648139 0.151515 1.000000
0.449513 -0.572187 0.675074 0.151515 1.000000
0.493120 -0.586146 0.702008 0.151515 1.000000
0.527968 -0.603882 0.728942 0.151515 1.000000
0.553641 -0.625975 0.755877 0.151515 1.000000
0.569603 -0.653029 0.782811 0.151515 1.000000
0.575078 -0.685650 0.809746 0.151515 1.000000
0.568917 -0.724362 0.836680 0.151515 1.000000
0.549473 -0.769445 0.863615 0.151515 1.000000
0.514530 -0.820616 0.890549 0.151515 1.000000
0.461385 -0.876494 0.917483 0.151515 1.000000
0.387325 -0.933867 0.944418 0.151515 1.000000
-0.364886 -0.942873 0.066987 0.166667 1.000000
-0.436925 -0.889965 0.093230 0.166667 1.000000
-0.489536 -0.837585 0.119474 0.166667 1.000000
-0.524823 -0.788913 0.145717 0.166667 1.000000
-0.545070 -0.745494 0.171960 0.166667 1.000000
-0.552254 -0.707820 0.198203 0.166667 1.000000
-0.547908 -0.675798 0.224446 0.166667 1.000000
-0.533145 -0.649042 0.250690 0.166667 1.000000
-0.508755 -0.627050 0.276933 0.166667 1.000000
-0.475309 -0.609285 0.303176 0.166667 1.000000
-0.433274 -0.595217 0.329419 0.166667 1.000000
-0.383123 -0.584336 0.355662 0.166667 1.000000
-0.325438 -0.576163 0.381906 0.166667 1.000000
-0.260998 -0.570253 0.408149 0.166667 1.000000
-0.190853 -0.566214 0.434392 0.166667 1.000000
-0.116347 -0.563718 0.460635 0.166667 1.000000
-0.039095 -0.562532 0.486878 0.166667 1.000000
0.039095 -0.562532 0.513122 0.166667 1.000000
0.116347 -0.563718 0.539365 0.166667 1.000000
0.190853 -0.566214 0.565608 0.166667 1.000000
0.260998 -0.570253 0.591851 0.166667 1.000000
0.325438 -0.576163 0.618094 0.166667 1.000000
0.383123 -0.584336 0.644338 0.166667 1.000000
0.433274 -0.595217 0.670581 0.166667 1.000000
0.475309 -0.609285 0.696824 0.166667 1.000000
0.508755 -0.627050 0.723067 0.166667 1.000000
0.533145 -0.649042 0.749310 0.166667 1.000000
0.547908 -0.675798 0.775554 0.166667 1.000000
0.552254 -0.707820 0.801797 0.166667 1.000000
0.545070 -0.745494 0.828040 0.166667 1.000000
0.524823 -0.788913 0.854283 0.166667 1.000000
0.489536 -0.837585 0.880526 0.166667 1.000000
0.436925 -0.889965 0.906770 0.166667 1.000000
0.364886 -0.942873 0.933013 0.166667 1.000000
-0.343204 -0.950434 0.079373 0.181818 1.000000
-0.412942 -0.901796 0.104866 0.181818 1.000000
-0.464709 -0.852897 0.130358 0.181818 1.000000
-0.500077 -0.806816 0.155851 0.181818 1.000000
-0.520935 -0.765201 0.181343 0.181818 1.000000
-0.529021 -0.728714 0.206836 0.181818 1.000000
-0.525741 -0.697424 0.232328 0.181818 1.000000
-0.512162 -0.671079 0.257821 0.181818 1.000000
-0.489073 -0.649276 0.283313 0.181818 1.000000
-0.457071 -0.631550 0.308806 0.181818 1.000000
-0.416667 -0.617421 0.334299 0.181818 1.000000
-0.368377 -0.606418 0.359791 0.181818 1.000000
-0.312817 -0.598092 0.385284 0.181818 1.000000
-0.250786 -0.592023 0.410776 0.181818 1.000000
-0.183322 -0.587840 0.436269 0.181818 1.000000
-0.111726 -0.585237 0.461761 0.181818 1.000000
-0.037537 -0.583994 0.487254 0.181818 1.000000
0.037537 -0.583994 0.512746 0.181818 1.000000
0.111726 -0.585237 0.538239 0.181818 1.000000
0.183322 -0.587840 0.563731 0.181818 1.000000
0.250786 -0.592023 0.589224 0.181818 1.000000
0.312817 -0.598092 0.614716 0.181818 1.000000
0.368377 -0.606418 0.640209 0.181818 1.000000
0.416667 -0.617421 0.665701 0.181818 1.000000
0.457071 -0.631550 0.691194 0.181818 1.000000
0.489073 -0.649276 0.716687 0.181818 1.000000
0.512162 -0.671079 0.742179 0.181818 1.000000
0.525741 -0.697424 0.767672 0.181818 1.000000
0.529021 -0.728714 0.793164 0.181818 1.000000
0.520935 -0.765201 0.818657 0.181818 1.000000
0.500077 -0.806816 0.844149 0.181818 1.000000
0.464709 -0.852897 0.869642 0.181818 1.000000
0.412942 -0.901796 0.895134 0.181818 1.000000
0.343204 -0.950434 0.920627 0.181818 1.000000
-0.322232 -0.956676 0.092712 0.196970 1.000000
-0.389432 -0.912106 0.117396 0.196970 1.000000
-0.440075 -0.866642 0.142080 0.196970 1.000000
-0.475273 -0.823213 0.166764 0.196970 1.000000
-0.496553 -0.783519 0.191449 0.196970 1.000000
-0.505417 -0.748351 0.216133 0.196970 1.000000
-0.503137 -0.717919 0.240817 0.196970 1.000000
-0.490720 -0.692094 0.265501 0.196970 1.000000
-0.468943 -0.670568 0.290185 0.196970 1.000000
-0.438425 -0.652949 0.314869 0.196970 1.000000
-0.399707 -0.638810 0.339553 0.196970 1.000000
-0.353341 -0.627723 0.364237 0.196970 1.000000
-0.299973 -0.619270 0.388921 0.196970 1.000000
-0.240414 -0.613061 0.413606 0.196970 1.000000
-0.175686 -0.608748 0.438290 0.196970 1.000000
-0.107046 -0.606045 0.462974 0.196970 1.000000
-0.035959 -0.604748 0.487658 0.196970 1.000000
0.035959 -0.604748 0.512342 0.196970 1.000000
0.107046 -0.606045 0.537026 0.196970 1.000000
0.175686 -0.608748 0.561710 0.196970 1.000000
0.240414 -0.613061 0.586394 0.196970 1.000000
0.299973 -0.619270 0.611079 0.196970 1.000000
0.353341 -0.627723 0.635763 0.196970 1.000000
0.399707 -0.638810 0.660447 0.196970 1.000000
0.438425 -0.652949 0.685131 0.196970 1.000000
0.468943 -0.670568 0.709815 0.196970 1.000000
0.490720 -0.692094 0.734499 0.196970 1.000000
0.503137 -0.717919 0.759183 0.196970 1.000000
0.505417 -0.748351 0.783867 0.196970 1.000000
0.496553 -0.783519 0.808551 0.196970 1.000000
0.475273 -0.823213 0.833236 0.196970 1.000000
0.440075 -0.866642 0.857920 0.196970 1.000000
0.389432 -0.912106 0.882604 0.196970 1.000000
0.322232 -0.956676 0.907288 0.196970 1.000000
-0.301927 -0.961708 0.106973 0.212121 1.000000
-0.366389 -0.920999 0.130793 0.212121 1.000000
-0.415655 -0.878901 0.154613 0.212121 1.000000
-0.450447 -0.838160 0.178433 0.212121 1.000000
-0.471965 -0.800481 0.202253 0.212121 1.000000
-0.481479 -0.766750 0.226072 0.212121 1.000000
-0.480126 -0.737293 0.249892 0.212121 1.000000
-0.468843 -0.712092 0.273712 0.212121 1.000000
-0.448387 -0.690931 0.297532 0.212121 1.000000
-0.419386 -0.673489 0.321352 0.212121 1.000000
-0.382405 -0.659396 0.345171 0.212121 1.000000
-0.338025 -0.648266 0.368991 0.212121 1.000000
-0.286913 -0.639717 0.392811 0.212121 1.000000
-0.229884 -0.633389 0.416631 0.212121 1.000000
-0.167946 -0.628962 0.440451 0.212121 1.000000
-0.102308 -0.626169 0.464270 0.212121 1.000000
-0.034364 -0.624823 0.488090 0.212121 1.000000
0.034364 -0.624823 0.511910 0.212121 1.000000
0.102308 -0.626169 0.535730 0.212121 1.000000
0.167946 -0.628962 0.559549 0.212121 1.000000
0.229884 -0.633389 0.583369 0.212121 1.000000
0.286913 -0.639717 0.607189 0.212121 1.000000
0.338025 -0.648266 0.631009 0.212121 1.000000
0.382405 -0.659396 0.654829 0.212121 1.000000
0.419386 -0.673489 0.678648 0.212121 1.000000
0.448387 -0.690931 0.702468 0.212121 1.000000
0.468843 -0.712092 0.726288 0.212121 1.000000
0.480126 -0.737293 0.750108 0.212121 1.000000
0.481479 -0.766750 0.773928 0.212121 1.000000
0.471965 -0.800481 0.797747 0.212121 1.000000
0.450447 -0.838160 0.821567 0.212121 1.000000
0.415655 -0.878901 0.845387 0.212121 1.000000
0.366389 -0.920999 0.869207 0.212121 1.000000
0.301927 -0.961708 0.893027 0.212121 1.000000
-0.282244 -0.965626 0.122125 0.227273 1.000000
-0.343801 -0.928570 0.145027 0.227273 1.000000
-0.391464 -0.889751 0.167928 0.227273 1.000000
-0.425629 -0.851712 0.190830 0.227273 1.000000
-0.447205 -0.816122 0.213731 0.227273 1.000000
-0.457243 -0.783930 0.236633 0.227273 1.000000
-0.456739 -0.755556 0.259534 0.227273 1.000000
-0.446558 -0.731079 0.282436 0.227273 1.000000
-0.427426 -0.710370 0.305337 0.227273 1.000000
-0.399971 -0.693177 0.328239 0.227273 1.000000
-0.364774 -0.679187 0.351140 0.227273 1.000000
-0.322436 -0.668058 0.374042 0.227273 1.000000
-0.273640 -0.659448 0.396943 0.227273 1.000000
-0.219201 -0.653028 0.419845 0.227273 1.000000
-0.160104 -0.648504 0.442746 0.227273 1.000000
-0.097512 -0.645634 0.465648 0.227273 1.000000
-0.032750 -0.644244 0.488549 0.227273 1.000000
0.032750 -0.644244 0.511451 0.227273 1.000000
0.097512 -0.645634 0.534352 0.227273 1.000000
0.160104 -0.648504 0.557254 0.227273 1.000000
0.219201 -0.653028 0.580155 0.227273 1.000000
0.273640 -0.659448 0.603057 0.227273 1.000000
0.322436 -0.668058 0.625958 0.227273 1.000000
0.364774 -0.679187 0.648860 0.227273 1.000000
0.399971 -0.693177 0.671761 0.227273 1.000000
0.427426 -0.710370 0.694663 0.227273 1.000000
0.446558 -0.731079 0.717564 0.227273 1.000000
0.456739 -0.755556 0.740466 0.227273 1.000000
0.457243 -0.783930 0.763367 0.227273 1.000000
0.447205 -0.816122 0.786269 0.227273 1.000000
0.425629 -0.851712 0.809170 0.227273 1.000000
0.391464 -0.889751 0.832072 0.227273 1.000000
0.343801 -0.928570 0.854973 0.227273 1.000000
0.282244 -0.965626 0.877875 0.227273 1.000000
-0.263145 -0.968511 0.138133 0.242424 1.000000
-0.321657 -0.934904 0.160064 0.242424 1.000000
-0.367514 -0.899265 0.181996 0.242424 1.000000
-0.400848 -0.863919 0.203927 0.242424 1.000000
-0.422306 -0.830474 0.225858 0.242424 1.000000
-0.432739 -0.799908 0.247790 0.242424 1.000000
-0.433005 -0.772716 0.269721 0.242424 1.000000
-0.423888 -0.749061 0.291652 0.242424 1.000000
-0.406078 -0.728889 0.313584 0.242424 1.000000
-0.380193 -0.712019 0.335515 0.242424 1.000000
-0.346823 -0.698191 0.357446 0.242424 1.000000
-0.306582 -0.687113 0.379378 0.242424 1.000000
-0.260160 -0.678479 0.401309 0.242424 1.000000
-0.208366 -0.671996 0.423240 0.242424 1.000000
-0.152161 -0.667397 0.445172 0.242424 1.000000
-0.092660 -0.664463 0.467103 0.242424 1.000000
-0.031117 -0.663037 0.489034 0.242424 1.000000
0.031117 -0.663037 0.510966 0.242424 1.000000
0.092660 -0.664463 0.532897 0.242424 1.000000
0.152161 -0.667397 0.554828 0.242424 1.000000
0.208366 -0.671996 0.576760 0.242424 1.000000
0.260160 -0.678479 0.598691 0.242424 1.000000
0.306582 -0.687113 0.620622 0.242424 1.000000
0.346823 -0.698191 0.642554 0.242424 1.000000
0.380193 -0.712019 0.664485 0.242424 1.000000
0.406078 -0.728889 0.686416 0.242424 1.000000
0.423888 -0.749061 0.708348 0.242424 1.000000
0.433005 -0.772716 0.730279 0.242424 1.000000
0.432739 -0.799908 0.752210 0.242424 1.000000
0.422306 -0.830474 0.774142 0.242424 1.000000
0.400848 -0.863919 0.796073 0.242424 1.000000
0.367514 -0.899265 0.818004 0.242424 1.000000
0.321657 -0.934904 0.839936 0.242424 1.000000
0.263145 -0.968511 0.861867 0.242424 1.000000
-0.244591 -0.970435 0.154960 0.257576 1.000000
-0.299944 -0.940075 0.175872 0.257576 1.000000
-0.343815 -0.907507 0.196783 0.257576 1.000000
-0.376126 -0.874830 0.217695 0.257576 1.000000
-0.397299 -0.843568 0.238606 0.257576 1.000000
-0.407999 -0.814703 0.259518 0.257576 1.000000
-0.408951 -0.788783 0.280429 0.257576 1.000000
-0.400857 -0.766040 0.301341 0.257576 1.000000
-0.384361 -0.746491 0.322252 0.257576 1.000000
-0.360067 -0.730018 0.343164 0.257576 1.000000
-0.328564 -0.716416 0.364075 0.257576 1.000000
-0.290469 -0.705440 0.384987 0.257576 1.000000
-0.246475 -0.696825 0.405898 0.257576 1.000000
-0.197381 -0.690310 0.426810 0.257576 1.000000
-0.144116 -0.685659 0.447721 0.257576 1.000000
-0.087749 -0.682677 0.468633 0.257576 1.000000
-0.029466 -0.681223 0.489544 0.257576 1.000000
0.029466 -0.681223 0.510456 0.257576 1.000000
0.087749 -0.682677 0.531367 0.257576 1.000000
0.144116 -0.685659 0.552279 0.257576 1.000000
0.197381 -0.690310 0.573190 0.257576 1.000000
0.246475 -0.696825 0.594102 0.257576 1.000000
0.290469 -0.705440 0.615013 0.257576 1.000000
0.328564 -0.716416 0.635925 0.257576 1.000000
0.360067 -0.730018 0.656836 0.257576 1.000000
0.384361 -0.746491 0.677748 0.257576 1.000000
0.400857 -0.766040 0.698659 0.257576 1.000000
0.408951 -0.788783 0.719571 0.257576 1.000000
0.407999 -0.814703 0.740482 0.257576 1.000000
0.397299 -0.843568 0.761394 0.257576 1.000000
0.376126 -0.874830 0.782305 0.257576 1.000000
0.343815 -0.907507 0.803217 0.257576 1.000000
0.299944 -0.940075 0.824128 0.257576 1.000000
0.244591 -0.970435 0.845040 0.257576 1.000000
-0.226548 -0.971459 0.172570 0.272727 1.000000
-0.278647 -0.944151 0.192414 0.272727 1.000000
-0.320374 -0.914537 0.212258 0.272727 1.000000
-0.351484 -0.884491 0.232102 0.272727 1.000000
-0.372211 -0.855435 0.251947 0.272727 1.000000
-0.383052 -0.828333 0.271791 0.272727 1.000000
-0.384605 -0.803766 0.291635 0.272727 1.000000
-0.377487 -0.782021 0.311479 0.272727 1.000000
-0.362294 -0.763179 0.331324 0.272727 1.000000
-0.339606 -0.747177 0.351168 0.272727 1.000000
-0.310003 -0.733867 0.371012 0.272727 1.000000
-0.274103 -0.723048 0.390857 0.272727 1.000000
-0.232589 -0.714496 0.410701 0.272727 1.000000
-0.186246 -0.707986 0.430545 0.272727 1.000000
-0.135971 -0.703310 0.450389 0.272727 1.000000
-0.082781 -0.700298 0.470234 0.272727 1.000000
-0.027796 -0.698824 0.490078 0.272727 1.000000
0.027796 -0.698824 0.509922 0.272727 1.000000
0.082781 -0.700298 0.529766 0.272727 1.000000
0.135971 -0.703310 0.549611 0.272727 1.000000
0.186246 -0.707986 0.569455 0.272727 1.000000
0.232589 -0.714496 0.589299 0.272727 1.000000
0.274103 -0.723048 0.609143 0.272727 1.000000
0.310003 -0.733867 0.628988 0.272727 1.000000
0.339606 -0.747177 0.648832 0.272727 1.000000
0.362294 -0.763179 0.668676 0.272727 1.000000
0.377487 -0.782021 0.688521 0.272727 1.000000
0.384605 -0.803766 0.708365 0.272727 1.000000
0.383052 -0.828333 0.728209 0.272727 1.000000
0.372211 -0.855435 0.748053 0.272727 1.000000
0.351484 -0.884491 0.767898 0.272727 1.000000
0.320374 -0.914537 0.787742 0.272727 1.000000
0.278647 -0.944151 0.807586 0.272727 1.000000
0.226548 -0.971459 0.827430 0.272727 1.000000
-0.208984 -0.971636 0.190921 0.287879 1.000000
-0.257752 -0.947194 0.209653 0.287879 1.000000
-0.297194 -0.920411 0.228385 0.287879 1.000000
-0.326941 -0.892946 0.247117 0.287879 1.000000
-0.347069 -0.866103 0.265849 0.287879 1.000000
-0.357925 -0.840813 0.284581 0.287879 1.000000
-0.359992 -0.817672 0.303313 0.287879 1.000000
-0.353799 -0.797008 0.322045 0.287879 1.000000
-0.339893 -0.778953 0.340777 0.287879 1.000000
-0.318821 -0.763500 0.359509 0.287879 1.000000
-0.291150 -0.750549 0.378241 0.287879 1.000000
-0.257487 -0.739945 0.396974 0.287879 1.000000
-0.218503 -0.731504 0.415706 0.287879 1.000000
-0.174961 -0.725037 0.434438 0.287879 1.000000
-0.127722 -0.720366 0.453170 0.287879 1.000000
-0.077754 -0.717342 0.471902 0.287879 1.000000
-0.026107 -0.715859 0.490634 0.287879 1.000000
0.026107 -0.715859 0.509366 0.287879 1.000000
0.077754 -0.717342 0.528098 0.287879 1.000000
0.127722 -0.720366 0.546830 0.287879 1.000000
0.174961 -0.725037 0.565562 0.287879 1.000000
0.218503 -0.731504 0.584294 0.287879 1.000000
0.257487 -0.739945 0.603026 0.287879 1.000000
0.291150 -0.750549 0.621759 0.287879 1.000000
0.318821 -0.763500 0.640491 0.287879 1.000000
0.339893 -0.778953 0.659223 0.287879 1.000000
0.353799 -0.797008 0.677955 0.287879 1.000000
0.359992 -0.817672 0.696687 0.287879 1.000000
0.357925 -0.840813 0.715419 0.287879 1.000000
0.347069 -0.866103 0.734151 0.287879 1.000000
0.326941 -0.892946 0.752883 0.287879 1.000000
0.297194 -0.920411 0.771615 0.287879 1.000000
0.257752 -0.947194 0.790347 0.287879 1.000000
0.208984 -0.971636 0.809079 0.287879 1.000000
-0.191867 -0.971014 0.209972 0.303030 1.000000
-0.237244 -0.949256 0.227549 0.303030 1.000000
-0.274279 -0.925179 0.245127 0.303030 1.000000
-0.302512 -0.900233 0.262704 0.303030 1.000000
-0.321895 -0.875601 0.280281 0.303030 1.000000
-0.332645 -0.852161 0.297859 0.303030 1.000000
-0.335136 -0.830509 0.315436 0.303030 1.000000
-0.329816 -0.811003 0.333014 0.303030 1.000000
-0.317175 -0.793815 0.350591 0.303030 1.000000
-0.297726 -0.778986 0.368169 0.303030 1.000000
-0.272013 -0.766464 0.385746 0.303030 1.000000
-0.240626 -0.756136 0.403324 0.303030 1.000000
-0.204219 -0.747859 0.420901 0.303030 1.000000
-0.163526 -0.741477 0.438479 0.303030 1.000000
-0.119371 -0.736842 0.456056 0.303030 1.000000
-0.072666 -0.733828 0.473634 0.303030 1.000000
-0.024398 -0.732346 0.491211 0.303030 1.000000
0.024398 -0.732346 0.508789 0.303030 1.000000
0.072666 -0.733828 0.526366 0.303030 1.000000
0.119371 -0.736842 0.543944 0.303030 1.000000
0.163526 -0.741477 0.561521 0.303030 1.000000
0.204219 -0.747859 0.579099 0.303030 1.000000
0.240626 -0.756136 0.596676 0.303030 1.000000
0.272013 -0.766464 0.614254 0.303030 1.000000
0.297726 -0.778986 0.631831 0.303030 1.000000
0.317175 -0.793815 0.649409 0.303030 1.000000
0.329816 -0.811003 0.666986 0.303030 1.000000
0.335136 -0.830509 0.684564 0.303030 1.000000
0.332645 -0.852161 0.702141 0.303030 1.000000
0.321895 -0.875601 0.719719 0.303030 1.000000
0.302512 -0.900233 0.737296 0.303030 1.000000
0.274279 -0.925179 0.754873 0.303030 1.000000
0.237244 -0.949256 0.772451 0.303030 1.000000
0.191867 -0.971014 0.790028 0.303030 1.000000
-0.175171 -0.969634 0.229680 0.318182 1.000000
-0.217110 -0.950386 0.246063 0.318182 1.000000
-0.251628 -0.928888 0.262446 0.318182 1.000000
-0.278212 -0.906392 0.278829 0.318182 1.000000
-0.296712 -0.883955 0.295212 0.318182 1.000000
-0.307237 -0.862392 0.311595 0.318182 1.000000
-0.310061 -0.842285 0.327978 0.318182 1.000000
-0.305557 -0.824007 0.344361 0.318182 1.000000
-0.294155 -0.807764 0.360744 0.318182 1.000000
-0.276330 -0.793637 0.377127 0.318182 1.000000
-0.252597 -0.781615 0.393510 0.318182 1.000000
-0.223523 -0.771628 0.409893 0.318182 1.000000
-0.189736 -0.763568 0.426276 0.318182 1.000000
-0.151939 -0.757316 0.442659 0.318182 1.000000
-0.110914 -0.752751 0.459042 0.318182 1.000000
-0.067517 -0.749772 0.475425 0.318182 1.000000
-0.022669 -0.748302 0.491808 0.318182 1.000000
0.022669 -0.748302 0.508192 0.318182 1.000000
0.067517 -0.749772 0.524575 0.318182 1.000000
0.110914 -0.752751 0.540958 0.318182 1.000000
0.151939 -0.757316 0.557341 0.318182 1.000000
0.189736 -0.763568 0.573724 0.318182 1.000000
0.223523 -0.771628 0.590107 0.318182 1.000000
0.252597 -0.781615 0.606490 0.318182 1.000000
0.276330 -0.793637 0.622873 0.318182 1.000000
0.294155 -0.807764 0.639256 0.318182 1.000000
0.305557 -0.824007 0.655639 0.318182 1.000000
0.310061 -0.842285 0.672022 0.318182 1.000000
0.307237 -0.862392 0.688405 0.318182 1.000000
0.296712 -0.883955 0.704788 0.318182 1.000000
0.278212 -0.906392 0.721171 0.318182 1.000000
0.251628 -0.928888 0.737554 0.318182 1.000000
0.217110 -0.950386 0.753937 0.318182 1.000000
0.175171 -0.969634 0.770320 0.318182 1.000000
-0.158870 -0.967530 0.250000 0.333333 1.000000
-0.197335 -0.950628 0.265152 0.333333 1.000000
-0.229244 -0.931581 0.280303 0.333333 1.000000
-0.254053 -0.911458 0.295455 0.333333 1.000000
-0.271539 -0.891190 0.310606 0.333333 1.000000
-0.281723 -0.871522 0.325758 0.333333 1.000000
-0.284791 -0.853007 0.340909 0.333333 1.000000
-0.281042 -0.836024 0.356061 0.333333 1.000000
-0.270850 -0.820801 0.371212 0.333333 1.000000
-0.254646 -0.807452 0.386364 0.333333 1.000000
-0.232910 -0.796003 0.401515 0.333333 1.000000
-0.206181 -0.786423 0.416667 0.333333 1.000000
-0.175056 -0.778640 0.431818 0.333333 1.000000
-0.140200 -0.772565 0.446970 0.333333 1.000000
-0.102350 -0.768108 0.462121 0.333333 1.000000
-0.062304 -0.765187 0.477273 0.333333 1.000000
-0.020918 -0.763742 0.492424 0.333333 1.000000
0.020918 -0.763742 0.507576 0.333333 1.000000
0.062304 -0.765187 0.522727 0.333333 1.000000
0.102350 -0.768108 0.537879 0.333333 1.000000
0.140200 -0.772565 0.553030 0.333333 1.000000
0.175056 -0.778640 0.568182 0.333333 1.000000
0.206181 -0.786423 0.583333 0.333333 1.000000
0.232910 -0.796003 0.598485 0.333333 1.000000
0.254646 -0.807452 0.613636 0.333333 1.000000
0.270850 -0.820801 0.628788 0.333333 1.000000
0.281042 -0.836024 0.643939 0.333333 1.000000
0.284791 -0.853007 0.659091 0.333333 1.000000
0.281723 -0.871522 0.674242 0.333333 1.000000
0.271539 -0.891190 0.689394 0.333333 1.000000
0.254053 -0.911458 0.704545 0.333333 1.000000
0.229244 -0.931581 0.719697 0.333333 1.000000
0.197335 -0.950628 0.734848 0.333333 1.000000
0.158870 -0.967530 0.750000 0.333333 1.000000
-0.142940 -0.964734 0.270887 0.348485 1.000000
-0.177905 -0.950019 0.284772 0.348485 1.000000
-0.207124 -0.933296 0.298658 0.348485 1.000000
-0.230046 -0.915465 0.312544 0.348485 1.000000
-0.246397 -0.897331 0.326429 0.348485 1.000000
-0.256127 -0.879565 0.340315 0.348485 1.000000
-0.259349 -0.862682 0.354201 0.348485 1.000000
-0.256292 -0.847054 0.368086 0.348485 1.000000
-0.247275 -0.832923 0.381972 0.348485 1.000000
-0.232683 -0.820428 0.395858 0.348485 1.000000
-0.212958 -0.809628 0.409743 0.348485 1.000000
-0.188602 -0.800524 0.423629 0.348485 1.000000
-0.160177 -0.793079 0.437515 0.348485 1.000000
-0.128306 -0.787234 0.451400 0.348485 1.000000
-0.093675 -0.782923 0.465286 0.348485 1.000000
-0.057026 -0.780088 0.479172 0.348485 1.000000
-0.019147 -0.778682 0.493057 0.348485 1.000000
0.019147 -0.778682 0.506943 0.348485 1.000000
0.057026 -0.780088 0.520828 0.348485 1.000000
0.093675 -0.782923 0.534714 0.348485 1.000000
0.128306 -0.787234 0.548600 0.348485 1.000000
0.160177 -0.793079 0.562485 0.348485 1.000000
0.188602 -0.800524 0.576371 0.348485 1.000000
0.212958 -0.809628 0.590257 0.348485 1.000000
0.232683 -0.820428 0.604142 0.348485 1.000000
0.247275 -0.832923 0.618028 0.348485 1.000000
0.256292 -0.847054 0.631914 0.348485 1.000000
0.259349 -0.862682 0.645799 0.348485 1.000000
0.256127 -0.879565 0.659685 0.348485 1.000000
0.246397 -0.897331 0.673571 0.348485 1.000000
0.230046 -0.915465 0.687456 0.348485 1.000000
0.207124 -0.933296 0.701342 0.348485 1.000000
0.177905 -0.950019 0.715228 0.348485 1.000000
0.142940 -0.964734 0.729113 0.348485 1.000000
-0.127359 -0.961272 0.292292 0.363636 1.000000
-0.158807 -0.948594 0.304881 0.363636 1.000000
-0.185267 -0.934069 0.317469 0.363636 1.000000
-0.206200 -0.918442 0.330057 0.363636 1.000000
-0.221303 -0.902402 0.342646 0.363636 1.000000
-0.230471 -0.886536 0.355234 0.363636 1.000000
-0.233755 -0.871316 0.367822 0.363636 1.000000
-0.231326 -0.857098 0.380411 0.363636 1.000000
-0.223446 -0.844128 0.392999 0.363636 1.000000
-0.210452 -0.832564 0.405587 0.363636 1.000000
-0.192746 -0.822489 0.418176 0.363636 1.000000
-0.170788 -0.813934 0.430764 0.363636 1.000000
-0.145098 -0.806891 0.443352 0.363636 1.000000
-0.116254 -0.801328 0.455941 0.363636 1.000000
-0.084888 -0.797207 0.468529 0.363636 1.000000
-0.051681 -0.794486 0.481117 0.363636 1.000000
-0.017353 -0.793134 0.493706 0.363636 1.000000
0.017353 -0.793134 0.506294 0.363636 1.000000
0.051681 -0.794486 0.518883 0.363636 1.000000
0.084888 -0.797207 0.531471 0.363636 1.000000
0.116254 -0.801328 0.544059 0.363636 1.000000
0.145098 -0.806891 0.556648 0.363636 1.000000
0.170788 -0.813934 0.569236 0.363636 1.000000
0.192746 -0.822489 0.581824 0.363636 1.000000
0.210452 -0.832564 0.594413 0.363636 1.000000
0.223446 -0.844128 0.607001 0.363636 1.000000
0.231326 -0.857098 0.619589 0.363636 1.000000
0.233755 -0.871316 0.632178 0.363636 1.000000
0.230471 -0.886536 0.644766 0.363636 1.000000
0.221303 -0.902402 0.657354 0.363636 1.000000
0.206200 -0.918442 0.669943 0.363636 1.000000
0.185267 -0.934069 0.682531 0.363636 1.000000
0.158807 -0.948594 0.695119 0.363636 1.000000
0.127359 -0.961272 0.707708 0.363636 1.000000
-0.112107 -0.957167 0.314169 0.378788 1.000000
-0.140029 -0.946383 0.325431 0.378788 1.000000
-0.163672 -0.933932 0.336694 0.378788 1.000000
-0.182524 -0.920420 0.347956 0.378788 1.000000
-0.196272 -0.906423 0.359219 0.378788 1.000000
-0.204774 -0.892448 0.370481 0.378788 1.000000
-0.208032 -0.878915 0.381744 0.378788 1.000000
-0.206162 -0.866156 0.393006 0.378788 1.000000
-0.199377 -0.854414 0.404269 0.378788 1.000000
-0.187964 -0.843855 0.415531 0.378788 1.000000
-0.172280 -0.834583 0.426794 0.378788 1.000000
-0.152740 -0.826651 0.438056 0.378788 1.000000
-0.129819 -0.820078 0.449319 0.378788 1.000000
-0.104042 -0.814857 0.460581 0.378788 1.000000
-0.075984 -0.810969 0.471844 0.378788 1.000000
-0.046265 -0.808394 0.483106 0.378788 1.000000
-0.015535 -0.807112 0.494369 0.378788 1.000000
0.015535 -0.807112 0.505631 0.378788 1.000000
0.046265 -0.808394 0.516894 0.378788 1.000000
0.075984 -0.810969 0.528156 0.378788 1.000000
0.104042 -0.814857 0.539419 0.378788 1.000000
0.129819 -0.820078 0.550681 0.378788 1.000000
0.152740 -0.826651 0.561944 0.378788 1.000000
0.172280 -0.834583 0.573206 0.378788 1.000000
0.187964 -0.843855 0.584469 0.378788 1.000000
0.199377 -0.854414 0.595731 0.378788 1.000000
0.206162 -0.866156 0.606994 0.378788 1.000000
0.208032 -0.878915 0.618256 0.378788 1.000000
0.204774 -0.892448 0.629519 0.378788 1.000000
0.196272 -0.906423 0.640781 0.378788 1.000000
0.182524 -0.920420 0.652044 0.378788 1.000000
0.163672 -0.933932 0.663306 0.378788 1.000000
0.140029 -0.946383 0.674569 0.378788 1.000000
0.112107 -0.957167 0.685831 0.378788 1.000000
-0.097166 -0.952441 0.336466 0.393939 1.000000
-0.121558 -0.943414 0.346377 0.393939 1.000000
-0.142335 -0.932915 0.356288 0.393939 1.000000
-0.159026 -0.921426 0.366199 0.393939 1.000000
-0.171321 -0.909417 0.376111 0.393939 1.000000
-0.179058 -0.897314 0.386022 0.393939 1.000000
-0.182200 -0.885486 0.395933 0.393939 1.000000
-0.180821 -0.874230 0.405844 0.393939 1.000000
-0.175083 -0.863778 0.415755 0.393939 1.000000
-0.165229 -0.854298 0.425666 0.393939 1.000000
-0.151565 -0.845907 0.435578 0.393939 1.000000
-0.134460 -0.838676 0.445489 0.393939 1.000000
-0.114336 -0.832643 0.455400 0.393939 1.000000
-0.091664 -0.827823 0.465311 0.393939 1.000000
-0.066961 -0.824219 0.475222 0.393939 1.000000
-0.040777 -0.821822 0.485133 0.393939 1.000000
-0.013693 -0.820626 0.495044 0.393939 1.000000
0.013693 -0.820626 0.504956 0.393939 1.000000
0.040777 -0.821822 0.514867 0.393939 1.000000
0.066961 -0.824219 0.524778 0.393939 1.000000
0.091664 -0.827823 0.534689 0.393939 1.000000
0.114336 -0.832643 0.544600 0.393939 1.000000
0.134460 -0.838676 0.554511 0.393939 1.000000
0.151565 -0.845907 0.564422 0.393939 1.000000
0.165229 -0.854298 0.574334 0.393939 1.000000
0.175083 -0.863778 0.584245 0.393939 1.000000
0.180821 -0.874230 0.594156 0.393939 1.000000
0.182200 -0.885486 0.604067 0.393939 1.000000
0.179058 -0.897314 0.613978 0.393939 1.000000
0.171321 -0.909417 0.623889 0.393939 1.000000
0.159026 -0.921426 0.633801 0.393939 1.000000
0.142335 -0.932915 0.643712 0.393939 1.000000
0.121558 -0.943414 0.653623 0.393939 1.000000
0.097166 -0.952441 0.663534 0.393939 1.000000
-0.082518 -0.947109 0.359134 0.409091 1.000000
-0.103384 -0.939711 0.367671 0.409091 1.000000
-0.121255 -0.931044 0.376208 0.409091 1.000000
-0.135712 -0.921484 0.384746 0.409091 1.000000
-0.146464 -0.911402 0.393283 0.409091 1.000000
-0.153340 -0.901148 0.401820 0.409091 1.000000
-0.156280 -0.891033 0.410358 0.409091 1.000000
-0.155320 -0.881318 0.418895 0.409091 1.000000
-0.150580 -0.872215 0.427433 0.409091 1.000000
-0.142256 -0.863888 0.435970 0.409091 1.000000
-0.130607 -0.856457 0.444507 0.409091 1.000000
-0.115948 -0.850005 0.453045 0.409091 1.000000
-0.098648 -0.844587 0.461582 0.409091 1.000000
-0.079119 -0.840234 0.470119 0.409091 1.000000
-0.057812 -0.836962 0.478657 0.409091 1.000000
-0.035212 -0.834780 0.487194 0.409091 1.000000
-0.011825 -0.833689 0.495731 0.409091 1.000000
0.011825 -0.833689 0.504269 0.409091 1.000000
0.035212 -0.834780 0.512806 0.409091 1.000000
0.057812 -0.836962 0.521343 0.409091 1.000000
0.079119 -0.840234 0.529881 0.409091 1.000000
0.098648 -0.844587 0.538418 0.409091 1.000000
0.115948 -0.850005 0.546955 0.409091 1.000000
0.130607 -0.856457 0.555493 0.409091 1.000000
0.142256 -0.863888 0.564030 0.409091 1.000000
0.150580 -0.872215 0.572567 0.409091 1.000000
0.155320 -0.881318 0.581105 0.409091 1.000000
0.156280 -0.891033 0.589642 0.409091 1.000000
0.153340 -0.901148 0.598180 0.409091 1.000000
0.146464 -0.911402 0.606717 0.409091 1.000000
0.135712 -0.921484 0.615254 0.409091 1.000000
0.121255 -0.931044 0.623792 0.409091 1.000000
0.103384 -0.939711 0.632329 0.409091 1.000000
0.082518 -0.947109 0.640866 0.409091 1.000000
-0.068148 -0.941188 0.382121 0.424242 1.000000
-0.085495 -0.935295 0.389265 0.424242 1.000000
-0.100428 -0.928345 0.396409 0.424242 1.000000
-0.112588 -0.920617 0.403553 0.424242 1.000000
-0.121714 -0.912397 0.410697 0.424242 1.000000
-0.127640 -0.903962 0.417842 0.424242 1.000000
-0.130291 -0.895563 0.424986 0.424242 1.000000
-0.129678 -0.887421 0.432130 0.424242 1.000000
-0.125882 -0.879722 0.439274 0.424242 1.000000
-0.119056 -0.872618 0.446418 0.424242 1.000000
-0.109409 -0.866227 0.453563 0.424242 1.000000
-0.097204 -0.860636 0.460707 0.424242 1.000000
-0.082751 -0.855909 0.467851 0.424242 1.000000
-0.066400 -0.852090 0.474995 0.424242 1.000000
-0.048534 -0.849207 0.482139 0.424242 1.000000
-0.029567 -0.847277 0.489284 0.424242 1.000000
-0.009931 -0.846310 0.496428 0.424242 1.000000
0.009931 -0.846310 0.503572 0.424242 1.000000
0.029567 -0.847277 0.510716 0.424242 1.000000
0.048534 -0.849207 0.517861 0.424242 1.000000
0.066400 -0.852090 0.525005 0.424242 1.000000
0.082751 -0.855909 0.532149 0.424242 1.000000
0.097204 -0.860636 0.539293 0.424242 1.000000
0.109409 -0.866227 0.546437 0.424242 1.000000
0.119056 -0.872618 0.553582 0.424242 1.000000
0.125882 -0.879722 0.560726 0.424242 1.000000
0.129678 -0.887421 0.567870 0.424242 1.000000
0.130291 -0.895563 0.575014 0.424242 1.000000
0.127640 -0.903962 0.582158 0.424242 1.000000
0.121714 -0.912397 0.589303 0.424242 1.000000
0.112588 -0.920617 0.596447 0.424242 1.000000
0.100428 -0.928345 0.603591 0.424242 1.000000
0.085495 -0.935295 0.610735 0.424242 1.000000
0.068148 -0.941188 0.617879 0.424242 1.000000
-0.054042 -0.934689 0.405374 0.439394 1.000000
-0.067882 -0.930186 0.411109 0.439394 1.000000
-0.079852 -0.924838 0.416844 0.439394 1.000000
-0.089661 -0.918847 0.422579 0.439394 1.000000
-0.097084 -0.912421 0.428314 0.439394 1.000000
-0.101975 -0.905766 0.434049 0.439394 1.000000
-0.104254 -0.899079 0.439784 0.439394 1.000000
-0.103913 -0.892537 0.445519 0.439394 1.000000
-0.101004 -0.886294 0.451253 0.439394 1.000000
-0.095638 -0.880482 0.456988 0.439394 1.000000
-0.087977 -0.875210 0.462723 0.439394 1.000000
-0.078228 -0.870564 0.468458 0.439394 1.000000
-0.066642 -0.866609 0.474193 0.439394 1.000000
-0.053502 -0.863395 0.479928 0.439394 1.000000
-0.039122 -0.860958 0.485663 0.439394 1.000000
-0.023839 -0.859321 0.491398 0.439394 1.000000
-0.008008 -0.858499 0.497133 0.439394 1.000000
0.008008 -0.858499 0.502867 0.439394 1.000000
0.023839 -0.859321 0.508602 0.439394 1.000000
0.039122 -0.860958 0.514337 0.439394 1.000000
0.053502 -0.863395 0.520072 0.439394 1.000000
0.066642 -0.866609 0.525807 0.439394 1.000000
0.078228 -0.870564 0.531542 0.439394 1.000000
0.087977 -0.875210 0.537277 0.439394 1.000000
0.095638 -0.880482 0.543012 0.439394 1.000000
0.101004 -0.886294 0.548747 0.439394 1.000000
0.103913 -0.892537 0.554481 0.439394 1.000000
0.104254 -0.899079 0.560216 0.439394 1.000000
0.101975 -0.905766 0.565951 0.439394 1.000000
0.097084 -0.912421 0.571686 0.439394 1.000000
0.089661 -0.918847 0.577421 0.439394 1.000000
0.079852 -0.924838 0.583156 0.439394 1.000000
0.067882 -0.930186 0.588891 0.439394 1.000000
0.054042 -0.934689 0.594626 0.439394 1.000000
-0.040185 -0.927624 0.428843 0.454545 1.000000
-0.050534 -0.924399 0.433155 0.454545 1.000000
-0.059524 -0.920544 0.437468 0.454545 1.000000
-0.066933 -0.916193 0.441780 0.454545 1.000000
-0.072587 -0.911488 0.446093 0.454545 1.000000
-0.076362 -0.906573 0.450405 0.454545 1.000000
-0.078188 -0.901588 0.454718 0.454545 1.000000
-0.078045 -0.896665 0.459031 0.454545 1.000000
-0.075962 -0.891924 0.463343 0.454545 1.000000
-0.072014 -0.887472 0.467656 0.454545 1.000000
-0.066315 -0.883400 0.471968 0.454545 1.000000
-0.059021 -0.879783 0.476281 0.454545 1.000000
-0.050317 -0.876684 0.480593 0.454545 1.000000
-0.040420 -0.874150 0.484906 0.454545 1.000000
-0.029569 -0.872221 0.489219 0.454545 1.000000
-0.018023 -0.870920 0.493531 0.454545 1.000000
-0.006055 -0.870266 0.497844 0.454545 1.000000
0.006055 -0.870266 0.502156 0.454545 1.000000
0.018023 -0.870920 0.506469 0.454545 1.000000
0.029569 -0.872221 0.510781 0.454545 1.000000
0.040420 -0.874150 0.515094 0.454545 1.000000
0.050317 -0.876684 0.519407 0.454545 1.000000
0.059021 -0.879783 0.523719 0.454545 1.000000
0.066315 -0.883400 0.528032 0.454545 1.000000
0.072014 -0.887472 0.532344 0.454545 1.000000
0.075962 -0.891924 0.536657 0.454545 1.000000
0.078045 -0.896665 0.540969 0.454545 1.000000
0.078188 -0.901588 0.545282 0.454545 1.000000
0.076362 -0.906573 0.549595 0.454545 1.000000
0.072587 -0.911488 0.553907 0.454545 1.000000
0.066933 -0.916193 0.558220 0.454545 1.000000
0.059524 -0.920544 0.562532 0.454545 1.000000
0.050534 -0.924399 0.566845 0.454545 1.000000
0.040185 -0.927624 0.571157 0.454545 1.000000
-0.026567 -0.920001 0.452472 0.469697 1.000000
-0.033443 -0.917948 0.455352 0.469697 1.000000
-0.039441 -0.915481 0.458233 0.469697 1.000000
-0.044411 -0.912675 0.461113 0.469697 1.000000
-0.048233 -0.909616 0.463994 0.469697 1.000000
-0.050817 -0.906392 0.466874 0.469697 1.000000
-0.052111 -0.903092 0.469755 0.469697 1.000000
-0.052091 -0.899804 0.472635 0.469697 1.000000
-0.050770 -0.896608 0.475516 0.469697 1.000000
-0.048192 -0.893579 0.478396 0.469697 1.000000
-0.044429 -0.890786 0.481277 0.469697 1.000000
-0.039581 -0.888286 0.484157 0.469697 1.000000
-0.033772 -0.886129 0.487038 0.469697 1.000000
-0.027147 -0.884355 0.489918 0.469697 1.000000
-0.019869 -0.882998 0.492799 0.469697 1.000000
-0.012115 -0.882080 0.495679 0.469697 1.000000
-0.004071 -0.881617 0.498560 0.469697 1.000000
0.004071 -0.881617 0.501440 0.469697 1.000000
0.012115 -0.882080 0.504321 0.469697 1.000000
0.019869 -0.882998 0.507201 0.469697 1.000000
0.027147 -0.884355 0.510082 0.469697 1.000000
0.033772 -0.886129 0.512962 0.469697 1.000000
0.039581 -0.888286 0.515843 0.469697 1.000000
0.044429 -0.890786 0.518723 0.469697 1.000000
0.048192 -0.893579 0.521604 0.469697 1.000000
0.050770 -0.896608 0.524484 0.469697 1.000000
0.052091 -0.899804 0.527365 0.469697 1.000000
0.052111 -0.903092 0.530245 0.469697 1.000000
0.050817 -0.906392 0.533126 0.469697 1.000000
0.048233 -0.909616 0.536006 0.469697 1.000000
0.044411 -0.912675 0.538887 0.469697 1.000000
0.039441 -0.915481 0.541767 0.469697 1.000000
0.033443 -0.917948 0.544648 0.469697 1.000000
0.026567 -0.920001 0.547528 0.469697 1.000000
-0.013175 -0.911827 0.476209 0.484848 1.000000
-0.016601 -0.910848 0.477651 0.484848 1.000000
-0.019601 -0.909664 0.479093 0.484848 1.000000
-0.022099 -0.908308 0.480535 0.484848 1.000000
-0.024034 -0.906818 0.481977 0.484848 1.000000
-0.025358 -0.905234 0.483418 0.484848 1.000000
-0.026042 -0.903598 0.484860 0.484848 1.000000
-0.026070 -0.901952 0.486302 0.484848 1.000000
-0.025444 -0.900338 0.487744 0.484848 1.000000
-0.024184 -0.898795 0.489186 0.484848 1.000000
-0.022322 -0.897359 0.490628 0.484848 1.000000
-0.019907 -0.896064 0.492070 0.484848 1.000000
-0.017001 -0.894939 0.493512 0.484848 1.000000
-0.013676 -0.894008 0.494953 0.484848 1.000000
-0.010016 -0.893293 0.496395 0.484848 1.000000
-0.006109 -0.892807 0.497837 0.484848 1.000000
-0.002053 -0.892562 0.499279 0.484848 1.000000
0.002053 -0.892562 0.500721 0.484848 1.000000
0.006109 -0.892807 0.502163 0.484848 1.000000
0.010016 -0.893293 0.503605 0.484848 1.000000
0.013676 -0.894008 0.505047 0.484848 1.000000
0.017001 -0.894939 0.506488 0.484848 1.000000
0.019907 -0.896064 0.507930 0.484848 1.000000
0.022322 -0.897359 0.509372 0.484848 1.000000
0.024184 -0.898795 0.510814 0.484848 1.000000
0.025444 -0.900338 0.512256 0.484848 1.000000
0.026070 -0.901952 0.513698 0.484848 1.000000
0.026042 -0.903598 0.515140 0.484848 1.000000
0.025358 -0.905234 0.516582 0.484848 1.000000
0.024034 -0.906818 0.518023 0.484848 1.000000
0.022099 -0.908308 0.519465 0.484848 1.000000
0.019601 -0.909664 0.520907 0.484848 1.000000
0.016601 -0.910848 0.522349 0.484848 1.000000
0.013175 -0.911827 0.523791 0.484848 1.000000
-0.000000 -0.903108 0.500000 0.500000 1.000000
-0.000000 -0.903108 0.500000 0.500000 1.000000
-0.000000 -0.903108 0.500000 0.500000 1.000000
-0.000000 -0.903108 0.500000 0.500000 1.000000
-0.000000 -0.903108 0.500000 0.500000 1.000000
-0.000000 -0.903108 0.500000 0.500000 1.000000
-0.000000 -0.903108 0.500000 0.500000 1.000000
-0.000000 -0.903108 0.500000 0.500000 1.000000
-0.000000 -0.903108 0.500000 0.500000 1.000000
-0.000000 -0.903108 0.500000 0.500000 1.000000
-0.000000 -0.903108 0.500000 0.500000 1.000000
-0.000000 -0.903108 0.500000 0.500000 1.000000
-0.000000 -0.903108 0.500000 0.500000 1.000000
-0.000000 -0.903108 0.500000 0.500000 1.000000
-0.000000 -0.903108 0.500000 0.500000 1.000000
-0.000000 -0.903108 0.500000 0.500000 1.000000
-0.000000 -0.903108 0.500000 0.500000 1.000000
0.000000 -0.903108 0.500000 0.500000 1.000000
0.000000 -0.903108 0.500000 0.500000 1.000000
0.000000 -0.903108 0.500000 0.500000 1.000000
0.000000 -0.903108 0.500000 0.500000 1.000000
0.000000 -0.903108 0.500000 0.500000 1.000000
0.000000 -0.903108 0.500000 0.500000 1.000000
0.000000 -0.903108 0.500000 0.500000 1.000000
0.000000 -0.903108 0.500000 0.500000 1.000000
0.000000 -0.903108 0.500000 0.500000 1.000000
0.000000 -0.903108 0.500000 0.500000 1.000000
0.000000 -0.903108 0.500000 0.500000 1.000000
0.000000 -0.903108 0.500000 0.500000 1.000000
0.000000 -0.903108 0.500000 0.500000 1.000000
0.000000 -0.903108 0.500000 0.500000 1.000000
0.000000 -0.903108 0.500000 0.500000 1.000000
0.000000 -0.903108 0.500000 0.500000 1.000000
0.000000 -0.903108 0.500000 0.500000 1.000000
