2
34 34
-0.357390 -1.027844 0.000000 -0.000000 1.000000
-0.436790 -0.974119 0.030303 -0.000000 1.000000
-0.499121 -0.915922 0.060606 -0.000000 1.000000
-0.544655 -0.856595 0.090909 -0.000000 1.000000
-0.574324 -0.798517 0.121212 -0.000000 1.000000
-0.589284 -0.743231 0.151515 -0.000000 1.000000
-0.590661 -0.691658 0.181818 -0.000000 1.000000
-0.579434 -0.644303 0.212121 -0.000000 1.000000
-0.556426 -0.601418 0.242424 -0.000000 1.000000
-0.522337 -0.563117 0.272727 -0.000000 1.000000
-0.477822 -0.529451 0.303030 -0.000000 1.000000
-0.423571 -0.500452 0.333333 -0.000000 1.000000
-0.360403 -0.476158 0.363636 -0.000000 1.000000
-0.289352 -0.456617 0.393939 -0.000000 1.000000
-0.211722 -0.441888 0.424242 -0.000000 1.000000
-0.129113 -0.432027 0.454545 -0.000000 1.000000
-0.043391 -0.427084 0.484848 -0.000000 1.000000
0.043391 -0.427084 0.515152 -0.000000 1.000000
0.129113 -0.432027 0.545455 -0.000000 1.000000
0.211722 -0.441888 0.575758 -0.000000 1.000000
0.289352 -0.456617 0.606061 -0.000000 1.000000
0.360403 -0.476158 0.636364 -0.000000 1.000000
0.423571 -0.500452 0.666667 -0.000000 1.000000
0.477822 -0.529451 0.696970 -0.000000 1.000000
0.522337 -0.563117 0.727273 -0.000000 1.000000
0.556426 -0.601418 0.757576 -0.000000 1.000000
0.579434 -0.644303 0.787879 -0.000000 1.000000
0.590661 -0.691658 0.818182 -0.000000 1.000000
0.589284 -0.743231 0.848485 -0.000000 1.000000
0.574324 -0.798517 0.878788 -0.000000 1.000000
0.544655 -0.856595 0.909091 -0.000000 1.000000
0.499121 -0.915922 0.939394 -0.000000 1.000000
0.436790 -0.974119 0.969697 -0.000000 1.000000
0.357390 -1.027844 1.000000 -0.000000 1.000000
-0.345007 -1.028227 0.000566 0.015152 1.000000
-0.422367 -0.976895 0.030835 0.015152 1.000000
-0.483437 -0.920979 0.061104 0.015152 1.000000
-0.528324 -0.863672 0.091372 0.015152 1.000000
-0.557797 -0.807300 0.121641 0.015152 1.000000
-0.572882 -0.753417 0.151910 0.015152 1.000000
-0.574619 -0.702985 0.182179 0.015152 1.000000
-0.563943 -0.656556 0.212447 0.015152 1.000000
-0.541661 -0.614427 0.242716 0.015152 1.000000
-0.508481 -0.576750 0.272985 0.015152 1.000000
-0.465076 -0.543603 0.303253 0.015152 1.000000
-0.412162 -0.515039 0.333522 0.015152 1.000000
-0.350580 -0.491106 0.363791 0.015152 1.000000
-0.281367 -0.471856 0.394060 0.015152 1.000000
-0.205815 -0.457348 0.424328 0.015152 1.000000
-0.125481 -0.447638 0.454597 0.015152 1.000000
-0.042165 -0.442770 0.484866 0.015152 1.000000
0.042165 -0.442770 0.515134 0.015152 1.000000
0.125481 -0.447638 0.545403 0.015152 1.000000
0.205815 -0.457348 0.575672 0.015152 1.000000
0.281367 -0.471856 0.605940 0.015152 1.000000
0.350580 -0.491106 0.636209 0.015152 1.000000
0.412162 -0.515039 0.666478 0.015152 1.000000
0.465076 -0.543603 0.696747 0.015152 1.000000
0.508481 -0.576750 0.727015 0.015152 1.000000
0.541661 -0.614427 0.757284 0.015152 1.000000
0.563943 -0.656556 0.787553 0.015152 1.000000
0.574619 -0.702985 0.817821 0.015152 1.000000
0.572882 -0.753417 0.848090 0.015152 1.000000
0.557797 -0.807300 0.878359 0.015152 1.000000
0.528324 -0.863672 0.908628 0.015152 1.000000
0.483437 -0.920979 0.938896 0.015152 1.000000
0.422367 -0.976895 0.969165 0.015152 1.000000
0.345007 -1.028227 0.999434 0.015152 1.000000
-0.332734 -1.028234 0.002264 0.030303 1.000000
-0.408002 -0.979244 0.032430 0.030303 1.000000
-0.467745 -0.925590 0.062596 0.030303 1.000000
-0.511920 -0.870311 0.092761 0.030303 1.000000
-0.541145 -0.815676 0.122927 0.030303 1.000000
-0.556323 -0.763238 0.153093 0.030303 1.000000
-0.558409 -0.713993 0.183259 0.030303 1.000000
-0.548288 -0.668534 0.213425 0.030303 1.000000
-0.526750 -0.627203 0.243591 0.030303 1.000000
-0.494507 -0.590185 0.273756 0.030303 1.000000
-0.452247 -0.557588 0.303922 0.030303 1.000000
-0.400705 -0.529481 0.334088 0.030303 1.000000
-0.340738 -0.505925 0.364254 0.030303 1.000000
-0.273385 -0.486978 0.394420 0.030303 1.000000
-0.199920 -0.472700 0.424585 0.030303 1.000000
-0.121861 -0.463144 0.454751 0.030303 1.000000
-0.040944 -0.458355 0.484917 0.030303 1.000000
0.040944 -0.458355 0.515083 0.030303 1.000000
0.121861 -0.463144 0.545249 0.030303 1.000000
0.199920 -0.472700 0.575415 0.030303 1.000000
0.273385 -0.486978 0.605580 0.030303 1.000000
0.340738 -0.505925 0.635746 0.030303 1.000000
0.400705 -0.529481 0.665912 0.030303 1.000000
0.452247 -0.557588 0.696078 0.030303 1.000000
0.494507 -0.590185 0.726244 0.030303 1.000000
0.526750 -0.627203 0.756409 0.030303 1.000000
0.548288 -0.668534 0.786575 0.030303 1.000000
0.558409 -0.713993 0.816741 0.030303 1.000000
0.556323 -0.763238 0.846907 0.030303 1.000000
0.541145 -0.815676 0.877073 0.030303 1.000000
0.511920 -0.870311 0.907239 0.030303 1.000000
0.467745 -0.925590 0.937404 0.030303 1.000000
0.408002 -0.979244 0.967570 0.030303 1.000000
0.332734 -1.028234 0.997736 0.030303 1.000000
-0.320569 -1.027873 0.005089 0.045455 1.000000
-0.393699 -0.981172 0.035084 0.045455 1.000000
-0.452051 -0.929757 0.065078 0.045455 1.000000
-0.495451 -0.876513 0.095073 0.045455 1.000000
-0.524377 -0.823641 0.125068 0.045455 1.000000
-0.539614 -0.772688 0.155062 0.045455 1.000000
-0.542032 -0.724673 0.185057 0.045455 1.000000
-0.532469 -0.680230 0.215051 0.045455 1.000000
-0.511692 -0.639736 0.245046 0.045455 1.000000
-0.480412 -0.603413 0.275041 0.045455 1.000000
-0.439328 -0.571395 0.305035 0.045455 1.000000
-0.389191 -0.543769 0.335030 0.045455 1.000000
-0.330866 -0.520609 0.365024 0.045455 1.000000
-0.265395 -0.501977 0.395019 0.045455 1.000000
-0.194030 -0.487937 0.425014 0.045455 1.000000
-0.118249 -0.478542 0.455008 0.045455 1.000000
-0.039726 -0.473833 0.485003 0.045455 1.000000
0.039726 -0.473833 0.514997 0.045455 1.000000
0.118249 -0.478542 0.544992 0.045455 1.000000
0.194030 -0.487937 0.574986 0.045455 1.000000
0.265395 -0.501977 0.604981 0.045455 1.000000
0.330866 -0.520609 0.634976 0.045455 1.000000
0.389191 -0.543769 0.664970 0.045455 1.000000
0.439328 -0.571395 0.694965 0.045455 1.000000
0.480412 -0.603413 0.724959 0.045455 1.000000
0.511692 -0.639736 0.754954 0.045455 1.000000
0.532469 -0.680230 0.784949 0.045455 1.000000
0.542032 -0.724673 0.814943 0.045455 1.000000
0.539614 -0.772688 0.844938 0.045455 1.000000
0.524377 -0.823641 0.874932 0.045455 1.000000
0.495451 -0.876513 0.904927 0.045455 1.000000
0.452051 -0.929757 0.934922 0.045455 1.000000
0.393699 -0.981172 0.964916 0.045455 1.000000
0.320569 -1.027873 0.994911 0.045455 1.000000
-0.308511 -1.027149 0.009036 0.060606 1.000000
-0.379460 -0.982686 0.038791 0.060606 1.000000
-0.436360 -0.933486 0.068546 0.060606 1.000000
-0.478925 -0.882278 0.098302 0.060606 1.000000
-0.507500 -0.831193 0.128057 0.060606 1.000000
-0.522760 -0.781761 0.157813 0.060606 1.000000
-0.525494 -0.735019 0.187568 0.060606 1.000000
-0.516488 -0.691633 0.217324 0.060606 1.000000
-0.496485 -0.652018 0.247079 0.060606 1.000000
-0.466191 -0.616426 0.276834 0.060606 1.000000
-0.426312 -0.585016 0.306590 0.060606 1.000000
-0.377610 -0.557896 0.336345 0.060606 1.000000
-0.320956 -0.535150 0.366101 0.060606 1.000000
-0.257387 -0.516848 0.395856 0.060606 1.000000
-0.188136 -0.503055 0.425611 0.060606 1.000000
-0.114638 -0.493825 0.455367 0.060606 1.000000
-0.038510 -0.489200 0.485122 0.060606 1.000000
0.038510 -0.489200 0.514878 0.060606 1.000000
0.114638 -0.493825 0.544633 0.060606 1.000000
0.188136 -0.503055 0.574389 0.060606 1.000000
0.257387 -0.516848 0.604144 0.060606 1.000000
0.320956 -0.535150 0.633899 0.060606 1.000000
0.377610 -0.557896 0.663655 0.060606 1.000000
0.426312 -0.585016 0.693410 0.060606 1.000000
0.466191 -0.616426 0.723166 0.060606 1.000000
0.496485 -0.652018 0.752921 0.060606 1.000000
0.516488 -0.691633 0.782676 0.060606 1.000000
0.525494 -0.735019 0.812432 0.060606 1.000000
0.522760 -0.781761 0.842187 0.060606 1.000000
0.507500 -0.831193 0.871943 0.060606 1.000000
0.478925 -0.882278 0.901698 0.060606 1.000000
0.436360 -0.933486 0.931454 0.060606 1.000000
0.379460 -0.982686 0.961209 0.060606 1.000000
0.308511 -1.027149 0.990964 0.060606 1.000000
-0.296561 -1.026070 0.014094 0.075758 1.000000
-0.365288 -0.983792 0.043543 0.075758 1.000000
-0.420679 -0.936779 0.072992 0.075758 1.000000
-0.462348 -0.887608 0.102441 0.075758 1.000000
-0.490521 -0.838329 0.131890 0.075758 1.000000
-0.505769 -0.790451 0.161338 0.075758 1.000000
-0.508798 -0.745023 0.190787 0.075758 1.000000
-0.500346 -0.702737 0.220236 0.075758 1.000000
-0.481128 -0.664041 0.249685 0.075758 1.000000
-0.451841 -0.629216 0.279134 0.075758 1.000000
-0.413194 -0.598445 0.308583 0.075758 1.000000
-0.365955 -0.571855 0.338031 0.075758 1.000000
-0.310999 -0.549542 0.367480 0.075758 1.000000
-0.249354 -0.531583 0.396929 0.075758 1.000000
-0.182231 -0.518048 0.426378 0.075758 1.000000
-0.111024 -0.508991 0.455827 0.075758 1.000000
-0.037293 -0.504451 0.485276 0.075758 1.000000
0.037293 -0.504451 0.514724 0.075758 1.000000
0.111024 -0.508991 0.544173 0.075758 1.000000
0.182231 -0.518048 0.573622 0.075758 1.000000
0.249354 -0.531583 0.603071 0.075758 1.000000
0.310999 -0.549542 0.632520 0.075758 1.000000
0.365955 -0.571855 0.661969 0.075758 1.000000
0.413194 -0.598445 0.691417 0.075758 1.000000
0.451841 -0.629216 0.720866 0.075758 1.000000
0.481128 -0.664041 0.750315 0.075758 1.000000
0.500346 -0.702737 0.779764 0.075758 1.000000
0.508798 -0.745023 0.809213 0.075758 1.000000
0.505769 -0.790451 0.838662 0.075758 1.000000
0.490521 -0.838329 0.868110 0.075758 1.000000
0.462348 -0.887608 0.897559 0.075758 1.000000
0.420679 -0.936779 0.927008 0.075758 1.000000
0.365288 -0.983792 0.956457 0.075758 1.000000
0.296561 -1.026070 0.985906 0.075758 1.000000
-0.284716 -1.024641 0.020254 0.090909 1.000000
-0.351185 -0.984497 0.049329 0.090909 1.000000
-0.405013 -0.939642 0.078405 0.090909 1.000000
-0.445727 -0.892503 0.107480 0.090909 1.000000
-0.473448 -0.845048 0.136556 0.090909 1.000000
-0.488645 -0.798756 0.165631 0.090909 1.000000
-0.491950 -0.754679 0.194707 0.090909 1.000000
-0.484046 -0.713535 0.223782 0.090909 1.000000
-0.465621 -0.675796 0.252858 0.090909 1.000000
-0.437360 -0.641773 0.281933 0.090909 1.000000
-0.399970 -0.611673 0.311009 0.090909 1.000000
-0.354221 -0.585638 0.340085 0.090909 1.000000
-0.300988 -0.563778 0.369160 0.090909 1.000000
-0.241289 -0.546179 0.398236 0.090909 1.000000
-0.176309 -0.532912 0.427311 0.090909 1.000000
-0.107403 -0.524033 0.456387 0.090909 1.000000
-0.036074 -0.519583 0.485462 0.090909 1.000000
0.036074 -0.519583 0.514538 0.090909 1.000000
0.107403 -0.524033 0.543613 0.090909 1.000000
0.176309 -0.532912 0.572689 0.090909 1.000000
0.241289 -0.546179 0.601764 0.090909 1.000000
0.300988 -0.563778 0.630840 0.090909 1.000000
0.354221 -0.585638 0.659915 0.090909 1.000000
0.399970 -0.611673 0.688991 0.090909 1.000000
0.437360 -0.641773 0.718067 0.090909 1.000000
0.465621 -0.675796 0.747142 0.090909 1.000000
0.484046 -0.713535 0.776218 0.090909 1.000000
0.491950 -0.754679 0.805293 0.090909 1.000000
0.488645 -0.798756 0.834369 0.090909 1.000000
0.473448 -0.845048 0.863444 0.090909 1.000000
0.445727 -0.892503 0.892520 0.090909 1.000000
0.405013 -0.939642 0.921595 0.090909 1.000000
0.351185 -0.984497 0.950671 0.090909 1.000000
0.284716 -1.024641 0.979746 0.090909 1.000000
-0.272975 -1.022869 0.027500 0.106061 1.000000
-0.337153 -0.984806 0.056136 0.106061 1.000000
-0.389367 -0.942080 0.084772 0.106061 1.000000
-0.429070 -0.896967 0.113409 0.106061 1.000000
-0.456288 -0.851348 0.142045 0.106061 1.000000
-0.471397 -0.806670 0.170682 0.106061 1.000000
-0.474954 -0.763982 0.199318 0.106061 1.000000
-0.467591 -0.724019 0.227954 0.106061 1.000000
-0.449965 -0.687277 0.256591 0.106061 1.000000
-0.422745 -0.654092 0.285227 0.106061 1.000000
-0.386635 -0.624693 0.313863 0.106061 1.000000
-0.342403 -0.599240 0.342500 0.106061 1.000000
-0.290918 -0.577854 0.371136 0.106061 1.000000
-0.233185 -0.560629 0.399773 0.106061 1.000000
-0.170365 -0.547641 0.428409 0.106061 1.000000
-0.103771 -0.538948 0.457045 0.106061 1.000000
-0.034852 -0.534591 0.485682 0.106061 1.000000
0.034852 -0.534591 0.514318 0.106061 1.000000
0.103771 -0.538948 0.542955 0.106061 1.000000
0.170365 -0.547641 0.571591 0.106061 1.000000
0.233185 -0.560629 0.600227 0.106061 1.000000
0.290918 -0.577854 0.628864 0.106061 1.000000
0.342403 -0.599240 0.657500 0.106061 1.000000
0.386635 -0.624693 0.686137 0.106061 1.000000
0.422745 -0.654092 0.714773 0.106061 1.000000
0.449965 -0.687277 0.743409 0.106061 1.000000
0.467591 -0.724019 0.772046 0.106061 1.000000
0.474954 -0.763982 0.800682 0.106061 1.000000
0.471397 -0.806670 0.829318 0.106061 1.000000
0.456288 -0.851348 0.857955 0.106061 1.000000
0.429070 -0.896967 0.886591 0.106061 1.000000
0.389367 -0.942080 0.915228 0.106061 1.000000
0.337153 -0.984806 0.943864 0.106061 1.000000
0.272975 -1.022869 0.972500 0.106061 1.000000
-0.261338 -1.020759 0.035816 0.121212 1.000000
-0.323193 -0.984726 0.063948 0.121212 1.000000
-0.373744 -0.944096 0.092081 0.121212 1.000000
-0.412382 -0.901000 0.120213 0.121212 1.000000
-0.439047 -0.857230 0.148345 0.121212 1.000000
-0.454029 -0.814191 0.176478 0.121212 1.000000
-0.457815 -0.772927 0.204610 0.121212 1.000000
-0.450984 -0.734182 0.232743 0.121212 1.000000
-0.434160 -0.698475 0.260875 0.121212 1.000000
-0.407997 -0.666164 0.289007 0.121212 1.000000
-0.373187 -0.637498 0.317140 0.121212 1.000000
-0.330495 -0.612653 0.345272 0.121212 1.000000
-0.280782 -0.591763 0.373404 0.121212 1.000000
-0.225038 -0.574929 0.401537 0.121212 1.000000
-0.164394 -0.562232 0.429669 0.121212 1.000000
-0.100125 -0.553733 0.457801 0.121212 1.000000
-0.033626 -0.549472 0.485934 0.121212 1.000000
0.033626 -0.549472 0.514066 0.121212 1.000000
0.100125 -0.553733 0.542199 0.121212 1.000000
0.164394 -0.562232 0.570331 0.121212 1.000000
0.225038 -0.574929 0.598463 0.121212 1.000000
0.280782 -0.591763 0.626596 0.121212 1.000000
0.330495 -0.612653 0.654728 0.121212 1.000000
0.373187 -0.637498 0.682860 0.121212 1.000000
0.407997 -0.666164 0.710993 0.121212 1.000000
0.434160 -0.698475 0.739125 0.121212 1.000000
0.450984 -0.734182 0.767257 0.121212 1.000000
0.457815 -0.772927 0.795390 0.121212 1.000000
0.454029 -0.814191 0.823522 0.121212 1.000000
0.439047 -0.857230 0.851655 0.121212 1.000000
0.412382 -0.901000 0.879787 0.121212 1.000000
0.373744 -0.944096 0.907919 0.121212 1.000000
0.323193 -0.984726 0.936052 0.121212 1.000000
0.261338 -1.020759 0.964184 0.121212 1.000000
-0.249802 -1.018317 0.045184 0.136364 1.000000
-0.309308 -0.984262 0.072749 0.136364 1.000000
-0.358149 -0.945696 0.100313 0.136364 1.000000
-0.395669 -0.904605 0.127878 0.136364 1.000000
-0.421732 -0.862692 0.155442 0.136364 1.000000
-0.436549 -0.821317 0.183007 0.136364 1.000000
-0.440538 -0.781509 0.210572 0.136364 1.000000
-0.434228 -0.744019 0.238136 0.136364 1.000000
-0.418209 -0.709385 0.265701 0.136364 1.000000
-0.393113 -0.677984 0.293265 0.136364 1.000000
-0.359623 -0.650082 0.320830 0.136364 1.000000
-0.318494 -0.625872 0.348395 0.136364 1.000000
-0.270577 -0.605500 0.375959 0.136364 1.000000
-0.216842 -0.589074 0.403524 0.136364 1.000000
-0.158393 -0.576680 0.431088 0.136364 1.000000
-0.096463 -0.568382 0.458653 0.136364 1.000000
-0.032395 -0.564222 0.486218 0.136364 1.000000
0.032395 -0.564222 0.513782 0.136364 1.000000
0.096463 -0.568382 0.541347 0.136364 1.000000
0.158393 -0.576680 0.568912 0.136364 1.000000
0.216842 -0.589074 0.596476 0.136364 1.000000
0.270577 -0.605500 0.624041 0.136364 1.000000
0.318494 -0.625872 0.651605 0.136364 1.000000
0.359623 -0.650082 0.679170 0.136364 1.000000
0.393113 -0.677984 0.706735 0.136364 1.000000
0.418209 -0.709385 0.734299 0.136364 1.000000
0.434228 -0.744019 0.761864 0.136364 1.000000
0.440538 -0.781509 0.789428 0.136364 1.000000
0.436549 -0.821317 0.816993 0.136364 1.000000
0.421732 -0.862692 0.844558 0.136364 1.000000
0.395669 -0.904605 0.872122 0.136364 1.000000
0.358149 -0.945696 0.899687 0.136364 1.000000
0.309308 -0.984262 0.927251 0.136364 1.000000
0.249802 -1.018317 0.954816 0.136364 1.000000
-0.238366 -1.015548 0.055582 0.151515 1.000000
-0.295498 -0.983421 0.082517 0.151515 1.000000
-0.342586 -0.946884 0.109451 0.151515 1.000000
-0.378938 -0.907785 0.136385 0.151515 1.000000
-0.404351 -0.867736 0.163320 0.151515 1.000000
-0.418964 -0.828044 0.190254 0.151515 1.000000
-0.423130 -0.789722 0.217189 0.151515 1.000000
-0.417328 -0.753525 0.244123 0.151515 1.000000
-0.402113 -0.720000 0.271058 0.151515 1.000000
-0.378095 -0.689543 0.297992 0.151515 1.000000
-0.345943 -0.662438 0.324926 0.151515 1.000000
-0.306398 -0.638891 0.351861 0.151515 1.000000
-0.260298 -0.619059 0.378795 0.151515 1.000000
-0.208594 -0.603059 0.405730 0.151515 1.000000
-0.152358 -0.590981 0.432664 0.151515 1.000000
-0.092782 -0.582893 0.459598 0.151515 1.000000
-0.031158 -0.578837 0.486533 0.151515 1.000000
0.031158 -0.578837 0.513467 0.151515 1.000000
0.092782 -0.582893 0.540402 0.151515 1.000000
0.152358 -0.590981 0.567336 0.151515 1.000000
0.208594 -0.603059 0.594270 0.151515 1.000000
0.260298 -0.619059 0.621205 0.151515 1.000000
0.306398 -0.638891 0.648139 0.151515 1.000000
0.345943 -0.662438 0.675074 0.151515 1.000000
0.378095 -0.689543 0.702008 0.151515 1.000000
0.402113 -0.720000 0.728942 0.151515 1.000000
0.417328 -0.753525 0.755877 0.151515 1.000000
0.423130 -0.789722 0.782811 0.151515 1.000000
0.418964 -0.828044 0.809746 0.151515 1.000000
0.404351 -0.867736 0.836680 0.151515 1.000000
0.378938 -0.907785 0.863615 0.151515 1.000000
0.342586 -0.946884 0.890549 0.151515 1.000000
0.295498 -0.983421 0.917483 0.151515 1.000000
0.238366 -1.015548 0.944418 0.151515 1.000000
-0.227028 -1.012458 0.066987 0.166667 1.000000
-0.281764 -0.982208 0.093230 0.166667 1.000000
-0.327059 -0.947665 0.119474 0.166667 1.000000
-0.362194 -0.910544 0.145717 0.166667 1.000000
-0.386910 -0.872360 0.171960 0.166667 1.000000
-0.401279 -0.834371 0.198203 0.166667 1.000000
-0.405594 -0.797564 0.224446 0.166667 1.000000
-0.400286 -0.762693 0.250690 0.166667 1.000000
-0.385874 -0.730315 0.276933 0.166667 1.000000
-0.362943 -0.700837 0.303176 0.166667 1.000000
-0.332143 -0.674560 0.329419 0.166667 1.000000
-0.294203 -0.651704 0.355662 0.166667 1.000000
-0.249943 -0.632435 0.381906 0.166667 1.000000
-0.200290 -0.616879 0.408149 0.166667 1.000000
-0.146286 -0.605131 0.434392 0.166667 1.000000
-0.089081 -0.597261 0.460635 0.166667 1.000000
-0.029914 -0.593315 0.486878 0.166667 1.000000
0.029914 -0.593315 0.513122 0.166667 1.000000
0.089081 -0.597261 0.539365 0.166667 1.000000
0.146286 -0.605131 0.565608 0.166667 1.000000
0.200290 -0.616879 0.591851 0.166667 1.000000
0.249943 -0.632435 0.618094 0.166667 1.000000
0.294203 -0.651704 0.644338 0.166667 1.000000
0.332143 -0.674560 0.670581 0.166667 1.000000
0.362943 -0.700837 0.696824 0.166667 1.000000
0.385874 -0.730315 0.723067 0.166667 1.000000
0.400286 -0.762693 0.749310 0.166667 1.000000
0.405594 -0.797564 0.775554 0.166667 1.000000
0.401279 -0.834371 0.801797 0.166667 1.000000
0.386910 -0.872360 0.828040 0.166667 1.000000
0.362194 -0.910544 0.854283 0.166667 1.000000
0.327059 -0.947665 0.880526 0.166667 1.000000
0.281764 -0.982208 0.906770 0.166667 1.000000
0.227028 -1.012458 0.933013 0.166667 1.000000
-0.215788 -1.009051 0.079373 0.181818 1.000000
-0.268107 -0.980629 0.104866 0.181818 1.000000
-0.311571 -0.948045 0.130358 0.181818 1.000000
-0.345443 -0.912883 0.155851 0.181818 1.000000
-0.369414 -0.876567 0.181343 0.181818 1.000000
-0.383501 -0.840295 0.206836 0.181818 1.000000
-0.387938 -0.805031 0.232328 0.181818 1.000000
-0.383108 -0.771519 0.257821 0.181818 1.000000
-0.369495 -0.740322 0.283313 0.181818 1.000000
-0.347657 -0.711859 0.308806 0.181818 1.000000
-0.318224 -0.686442 0.334299 0.181818 1.000000
-0.281907 -0.664305 0.359791 0.181818 1.000000
-0.239508 -0.645624 0.385284 0.181818 1.000000
-0.191927 -0.630530 0.410776 0.181818 1.000000
-0.140175 -0.619126 0.436269 0.181818 1.000000
-0.085356 -0.611484 0.461761 0.181818 1.000000
-0.028663 -0.607651 0.487254 0.181818 1.000000
0.028663 -0.607651 0.512746 0.181818 1.000000
0.085356 -0.611484 0.538239 0.181818 1.000000
0.140175 -0.619126 0.563731 0.181818 1.000000
0.191927 -0.630530 0.589224 0.181818 1.000000
0.239508 -0.645624 0.614716 0.181818 1.000000
0.281907 -0.664305 0.640209 0.181818 1.000000
0.318224 -0.686442 0.665701 0.181818 1.000000
0.347657 -0.711859 0.691194 0.181818 1.000000
0.369495 -0.740322 0.716687 0.181818 1.000000
0.383108 -0.771519 0.742179 0.181818 1.000000
0.387938 -0.805031 0.767672 0.181818 1.000000
0.383501 -0.840295 0.793164 0.181818 1.000000
0.369414 -0.876567 0.818657 0.181818 1.000000
0.345443 -0.912883 0.844149 0.181818 1.000000
0.311571 -0.948045 0.869642 0.181818 1.000000
0.268107 -0.980629 0.895134 0.181818 1.000000
0.215788 -1.009051 0.920627 0.181818 1.000000
-0.204644 -1.005332 0.092712 0.196970 1.000000
-0.254527 -0.978690 0.117396 0.196970 1.000000
-0.296125 -0.948028 0.142080 0.196970 1.000000
-0.328689 -0.914806 0.166764 0.196970 1.000000
-0.351872 -0.880356 0.191449 0.196970 1.000000
-0.365636 -0.845817 0.216133 0.196970 1.000000
-0.370166 -0.812120 0.240817 0.196970 1.000000
-0.365798 -0.779998 0.265501 0.196970 1.000000
-0.352979 -0.750017 0.290185 0.196970 1.000000
-0.332238 -0.722603 0.314869 0.196970 1.000000
-0.304185 -0.698079 0.339553 0.196970 1.000000
-0.269510 -0.676690 0.364237 0.196970 1.000000
-0.228991 -0.658619 0.388921 0.196970 1.000000
-0.183503 -0.644009 0.413606 0.196970 1.000000
-0.134021 -0.632963 0.438290 0.196970 1.000000
-0.081608 -0.625557 0.462974 0.196970 1.000000
-0.027404 -0.621842 0.487658 0.196970 1.000000
0.027404 -0.621842 0.512342 0.196970 1.000000
0.081608 -0.625557 0.537026 0.196970 1.000000
0.134021 -0.632963 0.561710 0.196970 1.000000
0.183503 -0.644009 0.586394 0.196970 1.000000
0.228991 -0.658619 0.611079 0.196970 1.000000
0.269510 -0.676690 0.635763 0.196970 1.000000
0.304185 -0.698079 0.660447 0.196970 1.000000
0.332238 -0.722603 0.685131 0.196970 1.000000
0.352979 -0.750017 0.709815 0.196970 1.000000
0.365798 -0.779998 0.734499 0.196970 1.000000
0.370166 -0.812120 0.759183 0.196970 1.000000
0.365636 -0.845817 0.783867 0.196970 1.000000
0.351872 -0.880356 0.808551 0.196970 1.000000
0.328689 -0.914806 0.833236 0.196970 1.000000
0.296125 -0.948028 0.857920 0.196970 1.000000
0.254527 -0.978690 0.882604 0.196970 1.000000
0.204644 -1.005332 0.907288 0.196970 1.000000
-0.193593 -1.001305 0.106973 0.212121 1.000000
-0.241026 -0.976394 0.130793 0.212121 1.000000
-0.280724 -0.947619 0.154613 0.212121 1.000000
-0.311938 -0.916317 0.178433 0.212121 1.000000
-0.334288 -0.883729 0.202253 0.212121 1.000000
-0.347692 -0.850933 0.226072 0.212121 1.000000
-0.352285 -0.818826 0.249892 0.212121 1.000000
-0.348360 -0.788126 0.273712 0.212121 1.000000
-0.336328 -0.759394 0.297532 0.212121 1.000000
-0.316689 -0.733063 0.321352 0.212121 1.000000
-0.290027 -0.709465 0.345171 0.212121 1.000000
-0.257009 -0.688852 0.368991 0.212121 1.000000
-0.218390 -0.671418 0.392811 0.212121 1.000000
-0.175015 -0.657309 0.416631 0.212121 1.000000
-0.127823 -0.646637 0.440451 0.212121 1.000000
-0.077833 -0.639478 0.464270 0.212121 1.000000
-0.026136 -0.635887 0.488090 0.212121 1.000000
0.026136 -0.635887 0.511910 0.212121 1.000000
0.077833 -0.639478 0.535730 0.212121 1.000000
0.127823 -0.646637 0.559549 0.212121 1.000000
0.175015 -0.657309 0.583369 0.212121 1.000000
0.218390 -0.671418 0.607189 0.212121 1.000000
0.257009 -0.688852 0.631009 0.212121 1.000000
0.290027 -0.709465 0.654829 0.212121 1.000000
0.316689 -0.733063 0.678648 0.212121 1.000000
0.336328 -0.759394 0.702468 0.212121 1.000000
0.348360 -0.788126 0.726288 0.212121 1.000000
0.352285 -0.818826 0.750108 0.212121 1.000000
0.347692 -0.850933 0.773928 0.212121 1.000000
0.334288 -0.883729 0.797747 0.212121 1.000000
0.311938 -0.916317 0.821567 0.212121 1.000000
0.280724 -0.947619 0.845387 0.212121 1.000000
0.241026 -0.976394 0.869207 0.212121 1.000000
0.193593 -1.001305 0.893027 0.212121 1.000000
-0.182636 -0.996975 0.122125 0.227273 1.000000
-0.227604 -0.973749 0.145027 0.227273 1.000000
-0.265372 -0.946822 0.167928 0.227273 1.000000
-0.295194 -0.917418 0.190830 0.227273 1.000000
-0.316670 -0.886687 0.213731 0.227273 1.000000
-0.329674 -0.855645 0.236633 0.227273 1.000000
-0.334301 -0.825149 0.259534 0.227273 1.000000
-0.330800 -0.795897 0.282436 0.227273 1.000000
-0.319546 -0.768448 0.305337 0.227273 1.000000
-0.301010 -0.743234 0.328239 0.227273 1.000000
-0.275748 -0.720594 0.351140 0.227273 1.000000
-0.244404 -0.700787 0.374042 0.227273 1.000000
-0.207703 -0.684014 0.396943 0.227273 1.000000
-0.166461 -0.670429 0.419845 0.227273 1.000000
-0.121579 -0.660144 0.442746 0.227273 1.000000
-0.074032 -0.653244 0.465648 0.227273 1.000000
-0.024859 -0.649781 0.488549 0.227273 1.000000
0.024859 -0.649781 0.511451 0.227273 1.000000
0.074032 -0.653244 0.534352 0.227273 1.000000
0.121579 -0.660144 0.557254 0.227273 1.000000
0.166461 -0.670429 0.580155 0.227273 1.000000
0.207703 -0.684014 0.603057 0.227273 1.000000
0.244404 -0.700787 0.625958 0.227273 1.000000
0.275748 -0.720594 0.648860 0.227273 1.000000
0.301010 -0.743234 0.671761 0.227273 1.000000
0.319546 -0.768448 0.694663 0.227273 1.000000
0.330800 -0.795897 0.717564 0.227273 1.000000
0.334301 -0.825149 0.740466 0.227273 1.000000
0.329674 -0.855645 0.763367 0.227273 1.000000
0.316670 -0.886687 0.786269 0.227273 1.000000
0.295194 -0.917418 0.809170 0.227273 1.000000
0.265372 -0.946822 0.832072 0.227273 1.000000
0.227604 -0.973749 0.854973 0.227273 1.000000
0.182636 -0.996975 0.877875 0.227273 1.000000
-0.171770 -0.992347 0.138133 0.242424 1.000000
-0.214262 -0.970758 0.160064 0.242424 1.000000
-0.250071 -0.945642 0.181996 0.242424 1.000000
-0.278464 -0.918113 0.203927 0.242424 1.000000
-0.299022 -0.889232 0.225858 0.242424 1.000000
-0.311590 -0.859950 0.247790 0.242424 1.000000
-0.316219 -0.831084 0.269721 0.242424 1.000000
-0.313122 -0.803310 0.291652 0.242424 1.000000
-0.302637 -0.777174 0.313584 0.242424 1.000000
-0.285204 -0.753110 0.335515 0.242424 1.000000
-0.261351 -0.731460 0.357446 0.242424 1.000000
-0.231694 -0.712490 0.379378 0.242424 1.000000
-0.196929 -0.696404 0.401309 0.242424 1.000000
-0.157840 -0.683363 0.423240 0.242424 1.000000
-0.115287 -0.673483 0.445172 0.242424 1.000000
-0.070202 -0.666851 0.467103 0.242424 1.000000
-0.023574 -0.663521 0.489034 0.242424 1.000000
0.023574 -0.663521 0.510966 0.242424 1.000000
0.070202 -0.666851 0.532897 0.242424 1.000000
0.115287 -0.673483 0.554828 0.242424 1.000000
0.157840 -0.683363 0.576760 0.242424 1.000000
0.196929 -0.696404 0.598691 0.242424 1.000000
0.231694 -0.712490 0.620622 0.242424 1.000000
0.261351 -0.731460 0.642554 0.242424 1.000000
0.285204 -0.753110 0.664485 0.242424 1.000000
0.302637 -0.777174 0.686416 0.242424 1.000000
0.313122 -0.803310 0.708348 0.242424 1.000000
0.316219 -0.831084 0.730279 0.242424 1.000000
0.311590 -0.859950 0.752210 0.242424 1.000000
0.299022 -0.889232 0.774142 0.242424 1.000000
0.278464 -0.918113 0.796073 0.242424 1.000000
0.250071 -0.945642 0.818004 0.242424 1.000000
0.214262 -0.970758 0.839936 0.242424 1.000000
0.171770 -0.992347 0.861867 0.242424 1.000000
-0.160994 -0.987423 0.154960 0.257576 1.000000
-0.201000 -0.967427 0.175872 0.257576 1.000000
-0.234823 -0.944085 0.196783 0.257576 1.000000
-0.261750 -0.918407 0.217695 0.257576 1.000000
-0.281351 -0.891365 0.238606 0.257576 1.000000
-0.293444 -0.863849 0.259518 0.257576 1.000000
-0.298046 -0.836630 0.280429 0.257576 1.000000
-0.295331 -0.810358 0.301341 0.257576 1.000000
-0.285605 -0.785567 0.322252 0.257576 1.000000
-0.269273 -0.762687 0.343164 0.257576 1.000000
-0.246836 -0.742060 0.364075 0.257576 1.000000
-0.218878 -0.723955 0.384987 0.257576 1.000000
-0.186067 -0.708583 0.405898 0.257576 1.000000
-0.149150 -0.696107 0.426810 0.257576 1.000000
-0.108946 -0.686649 0.447721 0.257576 1.000000
-0.066343 -0.680296 0.468633 0.257576 1.000000
-0.022278 -0.677106 0.489544 0.257576 1.000000
0.022278 -0.677106 0.510456 0.257576 1.000000
0.066343 -0.680296 0.531367 0.257576 1.000000
0.108946 -0.686649 0.552279 0.257576 1.000000
0.149150 -0.696107 0.573190 0.257576 1.000000
0.186067 -0.708583 0.594102 0.257576 1.000000
0.218878 -0.723955 0.615013 0.257576 1.000000
0.246836 -0.742060 0.635925 0.257576 1.000000
0.269273 -0.762687 0.656836 0.257576 1.000000
0.285605 -0.785567 0.677748 0.257576 1.000000
0.295331 -0.810358 0.698659 0.257576 1.000000
0.298046 -0.836630 0.719571 0.257576 1.000000
0.293444 -0.863849 0.740482 0.257576 1.000000
0.281351 -0.891365 0.761394 0.257576 1.000000
0.261750 -0.918407 0.782305 0.257576 1.000000
0.234823 -0.944085 0.803217 0.257576 1.000000
0.201000 -0.967427 0.824128 0.257576 1.000000
0.160994 -0.987423 0.845040 0.257576 1.000000
-0.150307 -0.982208 0.172570 0.272727 1.000000
-0.187818 -0.963760 0.192414 0.272727 1.000000
-0.219632 -0.942154 0.212258 0.272727 1.000000
-0.245058 -0.918301 0.232102 0.272727 1.000000
-0.263664 -0.893089 0.251947 0.272727 1.000000
-0.275245 -0.867342 0.271791 0.272727 1.000000
-0.279787 -0.841785 0.291635 0.272727 1.000000
-0.277434 -0.817040 0.311479 0.272727 1.000000
-0.268453 -0.793624 0.331324 0.272727 1.000000
-0.253220 -0.771959 0.351168 0.272727 1.000000
-0.232204 -0.752387 0.371012 0.272727 1.000000
-0.205958 -0.735178 0.390857 0.272727 1.000000
-0.175116 -0.720547 0.410701 0.272727 1.000000
-0.140389 -0.708659 0.430545 0.272727 1.000000
-0.102554 -0.699639 0.450389 0.272727 1.000000
-0.062453 -0.693577 0.470234 0.272727 1.000000
-0.020972 -0.690532 0.490078 0.272727 1.000000
0.020972 -0.690532 0.509922 0.272727 1.000000
0.062453 -0.693577 0.529766 0.272727 1.000000
0.102554 -0.699639 0.549611 0.272727 1.000000
0.140389 -0.708659 0.569455 0.272727 1.000000
0.175116 -0.720547 0.589299 0.272727 1.000000
0.205958 -0.735178 0.609143 0.272727 1.000000
0.232204 -0.752387 0.628988 0.272727 1.000000
0.253220 -0.771959 0.648832 0.272727 1.000000
0.268453 -0.793624 0.668676 0.272727 1.000000
0.277434 -0.817040 0.688521 0.272727 1.000000
0.279787 -0.841785 0.708365 0.272727 1.000000
0.275245 -0.867342 0.728209 0.272727 1.000000
0.263664 -0.893089 0.748053 0.272727 1.000000
0.245058 -0.918301 0.767898 0.272727 1.000000
0.219632 -0.942154 0.787742 0.272727 1.000000
0.187818 -0.963760 0.807586 0.272727 1.000000
0.150307 -0.982208 0.827430 0.272727 1.000000
-0.139708 -0.976706 0.190921 0.287879 1.000000
-0.174717 -0.959762 0.209653 0.287879 1.000000
-0.204499 -0.939855 0.228385 0.287879 1.000000
-0.228392 -0.917800 0.247117 0.287879 1.000000
-0.245965 -0.894405 0.265849 0.287879 1.000000
-0.256997 -0.870428 0.284581 0.287879 1.000000
-0.261450 -0.846547 0.303313 0.287879 1.000000
-0.259434 -0.823351 0.322045 0.287879 1.000000
-0.251185 -0.801338 0.340777 0.287879 1.000000
-0.237047 -0.780921 0.359509 0.287879 1.000000
-0.217456 -0.762437 0.378241 0.287879 1.000000
-0.192933 -0.746155 0.396974 0.287879 1.000000
-0.164076 -0.732291 0.415706 0.287879 1.000000
-0.131556 -0.721014 0.434438 0.287879 1.000000
-0.096111 -0.712450 0.453170 0.287879 1.000000
-0.058533 -0.706691 0.471902 0.287879 1.000000
-0.019656 -0.703797 0.490634 0.287879 1.000000
0.019656 -0.703797 0.509366 0.287879 1.000000
0.058533 -0.706691 0.528098 0.287879 1.000000
0.096111 -0.712450 0.546830 0.287879 1.000000
0.131556 -0.721014 0.565562 0.287879 1.000000
0.164076 -0.732291 0.584294 0.287879 1.000000
0.192933 -0.746155 0.603026 0.287879 1.000000
0.217456 -0.762437 0.621759 0.287879 1.000000
0.237047 -0.780921 0.640491 0.287879 1.000000
0.251185 -0.801338 0.659223 0.287879 1.000000
0.259434 -0.823351 0.677955 0.287879 1.000000
0.261450 -0.846547 0.696687 0.287879 1.000000
0.256997 -0.870428 0.715419 0.287879 1.000000
0.245965 -0.894405 0.734151 0.287879 1.000000
0.228392 -0.917800 0.752883 0.287879 1.000000
0.204499 -0.939855 0.771615 0.287879 1.000000
0.174717 -0.959762 0.790347 0.287879 1.000000
0.139708 -0.976706 0.809079 0.287879 1.000000
-0.129195 -0.970921 0.209972 0.303030 1.000000
-0.161697 -0.955438 0.227549 0.303030 1.000000
-0.189427 -0.937191 0.245127 0.303030 1.000000
-0.211756 -0.916907 0.262704 0.303030 1.000000
-0.228260 -0.895315 0.280281 0.303030 1.000000
-0.238709 -0.873108 0.297859 0.303030 1.000000
-0.243040 -0.850914 0.315436 0.303030 1.000000
-0.241338 -0.829289 0.333014 0.303030 1.000000
-0.233807 -0.808707 0.350591 0.303030 1.000000
-0.220758 -0.789569 0.368169 0.303030 1.000000
-0.202594 -0.772204 0.385746 0.303030 1.000000
-0.179803 -0.756880 0.403324 0.303030 1.000000
-0.152944 -0.743811 0.420901 0.303030 1.000000
-0.122651 -0.733168 0.438479 0.303030 1.000000
-0.089615 -0.725079 0.456056 0.303030 1.000000
-0.054580 -0.719635 0.473634 0.303030 1.000000
-0.018329 -0.716899 0.491211 0.303030 1.000000
0.018329 -0.716899 0.508789 0.303030 1.000000
0.054580 -0.719635 0.526366 0.303030 1.000000
0.089615 -0.725079 0.543944 0.303030 1.000000
0.122651 -0.733168 0.561521 0.303030 1.000000
0.152944 -0.743811 0.579099 0.303030 1.000000
0.179803 -0.756880 0.596676 0.303030 1.000000
0.202594 -0.772204 0.614254 0.303030 1.000000
0.220758 -0.789569 0.631831 0.303030 1.000000
0.233807 -0.808707 0.649409 0.303030 1.000000
0.241338 -0.829289 0.666986 0.303030 1.000000
0.243040 -0.850914 0.684564 0.303030 1.000000
0.238709 -0.873108 0.702141 0.303030 1.000000
0.228260 -0.895315 0.719719 0.303030 1.000000
0.211756 -0.916907 0.737296 0.303030 1.000000
0.189427 -0.937191 0.754873 0.303030 1.000000
0.161697 -0.955438 0.772451 0.303030 1.000000
0.129195 -0.970921 0.790028 0.303030 1.000000
-0.118768 -0.964855 0.229680 0.318182 1.000000
-0.148759 -0.950791 0.246063 0.318182 1.000000
-0.174419 -0.934168 0.262446 0.318182 1.000000
-0.195154 -0.915627 0.278829 0.318182 1.000000
-0.210555 -0.895822 0.295212 0.318182 1.000000
-0.220385 -0.875382 0.311595 0.318182 1.000000
-0.224564 -0.854885 0.327978 0.318182 1.000000
-0.223151 -0.834850 0.344361 0.318182 1.000000
-0.216322 -0.815726 0.360744 0.318182 1.000000
-0.204355 -0.797898 0.377127 0.318182 1.000000
-0.187620 -0.781684 0.393510 0.318182 1.000000
-0.166568 -0.767348 0.409893 0.318182 1.000000
-0.141723 -0.755104 0.426276 0.318182 1.000000
-0.113673 -0.745119 0.442659 0.318182 1.000000
-0.083065 -0.737522 0.459042 0.318182 1.000000
-0.050595 -0.732407 0.475425 0.318182 1.000000
-0.016992 -0.729834 0.491808 0.318182 1.000000
0.016992 -0.729834 0.508192 0.318182 1.000000
0.050595 -0.732407 0.524575 0.318182 1.000000
0.083065 -0.737522 0.540958 0.318182 1.000000
0.113673 -0.745119 0.557341 0.318182 1.000000
0.141723 -0.755104 0.573724 0.318182 1.000000
0.166568 -0.767348 0.590107 0.318182 1.000000
0.187620 -0.781684 0.606490 0.318182 1.000000
0.204355 -0.797898 0.622873 0.318182 1.000000
0.216322 -0.815726 0.639256 0.318182 1.000000
0.223151 -0.834850 0.655639 0.318182 1.000000
0.224564 -0.854885 0.672022 0.318182 1.000000
0.220385 -0.875382 0.688405 0.318182 1.000000
0.210555 -0.895822 0.704788 0.318182 1.000000
0.195154 -0.915627 0.721171 0.318182 1.000000
0.174419 -0.934168 0.737554 0.318182 1.000000
0.148759 -0.950791 0.753937 0.318182 1.000000
0.118768 -0.964855 0.770320 0.318182 1.000000
-0.108426 -0.958513 0.250000 0.333333 1.000000
-0.135902 -0.945827 0.265152 0.333333 1.000000
-0.159476 -0.930789 0.280303 0.333333 1.000000
-0.178591 -0.913963 0.295455 0.333333 1.000000
-0.192855 -0.895928 0.310606 0.333333 1.000000
-0.202032 -0.877251 0.325758 0.333333 1.000000
-0.206028 -0.858459 0.340909 0.333333 1.000000
-0.204880 -0.840032 0.356061 0.333333 1.000000
-0.198735 -0.822392 0.371212 0.333333 1.000000
-0.187842 -0.805903 0.386364 0.333333 1.000000
-0.172536 -0.790872 0.401515 0.333333 1.000000
-0.153230 -0.777557 0.416667 0.333333 1.000000
-0.130410 -0.766164 0.431818 0.333333 1.000000
-0.104620 -0.756862 0.446970 0.333333 1.000000
-0.076461 -0.749777 0.462121 0.333333 1.000000
-0.046576 -0.745004 0.477273 0.333333 1.000000
-0.015643 -0.742602 0.492424 0.333333 1.000000
0.015643 -0.742602 0.507576 0.333333 1.000000
0.046576 -0.745004 0.522727 0.333333 1.000000
0.076461 -0.749777 0.537879 0.333333 1.000000
0.104620 -0.756862 0.553030 0.333333 1.000000
0.130410 -0.766164 0.568182 0.333333 1.000000
0.153230 -0.777557 0.583333 0.333333 1.000000
0.172536 -0.790872 0.598485 0.333333 1.000000
0.187842 -0.805903 0.613636 0.333333 1.000000
0.198735 -0.822392 0.628788 0.333333 1.000000
0.204880 -0.840032 0.643939 0.333333 1.000000
0.206028 -0.858459 0.659091 0.333333 1.000000
0.202032 -0.877251 0.674242 0.333333 1.000000
0.192855 -0.895928 0.689394 0.333333 1.000000
0.178591 -0.913963 0.704545 0.333333 1.000000
0.159476 -0.930789 0.719697 0.333333 1.000000
0.135902 -0.945827 0.734848 0.333333 1.000000
0.108426 -0.958513 0.750000 0.333333 1.000000
-0.098167 -0.951898 0.270887 0.348485 1.000000
-0.123129 -0.940550 0.284772 0.348485 1.000000
-0.144601 -0.927060 0.298658 0.348485 1.000000
-0.162071 -0.911919 0.312544 0.348485 1.000000
-0.175166 -0.895636 0.326429 0.348485 1.000000
-0.183656 -0.878715 0.340315 0.348485 1.000000
-0.187438 -0.861635 0.354201 0.348485 1.000000
-0.186529 -0.844832 0.368086 0.348485 1.000000
-0.181051 -0.828700 0.381972 0.348485 1.000000
-0.171222 -0.813580 0.395858 0.348485 1.000000
-0.157343 -0.799764 0.409743 0.348485 1.000000
-0.139790 -0.787500 0.423629 0.348485 1.000000
-0.119006 -0.776989 0.437515 0.348485 1.000000
-0.095493 -0.768394 0.451400 0.348485 1.000000
-0.069801 -0.761842 0.465286 0.348485 1.000000
-0.042524 -0.757423 0.479172 0.348485 1.000000
-0.014282 -0.755199 0.493057 0.348485 1.000000
0.014282 -0.755199 0.506943 0.348485 1.000000
0.042524 -0.757423 0.520828 0.348485 1.000000
0.069801 -0.761842 0.534714 0.348485 1.000000
0.095493 -0.768394 0.548600 0.348485 1.000000
0.119006 -0.776989 0.562485 0.348485 1.000000
0.139790 -0.787500 0.576371 0.348485 1.000000
0.157343 -0.799764 0.590257 0.348485 1.000000
0.171222 -0.813580 0.604142 0.348485 1.000000
0.181051 -0.828700 0.618028 0.348485 1.000000
0.186529 -0.844832 0.631914 0.348485 1.000000
0.187438 -0.861635 0.645799 0.348485 1.000000
0.183656 -0.878715 0.659685 0.348485 1.000000
0.175166 -0.895636 0.673571 0.348485 1.000000
0.162071 -0.911919 0.687456 0.348485 1.000000
0.144601 -0.927060 0.701342 0.348485 1.000000
0.123129 -0.940550 0.715228 0.348485 1.000000
0.098167 -0.951898 0.729113 0.348485 1.000000
-0.087990 -0.945012 0.292292 0.363636 1.000000
-0.110438 -0.934963 0.304881 0.363636 1.000000
-0.129796 -0.922984 0.317469 0.363636 1.000000
-0.145596 -0.909497 0.330057 0.363636 1.000000
-0.157494 -0.894947 0.342646 0.363636 1.000000
-0.165264 -0.879776 0.355234 0.363636 1.000000
-0.168801 -0.864411 0.367822 0.363636 1.000000
-0.168105 -0.849249 0.380411 0.363636 1.000000
-0.163275 -0.834647 0.392999 0.363636 1.000000
-0.154499 -0.820924 0.405587 0.363636 1.000000
-0.142044 -0.808355 0.418176 0.363636 1.000000
-0.126247 -0.797173 0.430764 0.363636 1.000000
-0.107511 -0.787573 0.443352 0.363636 1.000000
-0.086290 -0.779712 0.455941 0.363636 1.000000
-0.063085 -0.773712 0.468529 0.363636 1.000000
-0.038437 -0.769663 0.481117 0.363636 1.000000
-0.012910 -0.767624 0.493706 0.363636 1.000000
0.012910 -0.767624 0.506294 0.363636 1.000000
0.038437 -0.769663 0.518883 0.363636 1.000000
0.063085 -0.773712 0.531471 0.363636 1.000000
0.086290 -0.779712 0.544059 0.363636 1.000000
0.107511 -0.787573 0.556648 0.363636 1.000000
0.126247 -0.797173 0.569236 0.363636 1.000000
0.142044 -0.808355 0.581824 0.363636 1.000000
0.154499 -0.820924 0.594413 0.363636 1.000000
0.163275 -0.834647 0.607001 0.363636 1.000000
0.168105 -0.849249 0.619589 0.363636 1.000000
0.168801 -0.864411 0.632178 0.363636 1.000000
0.165264 -0.879776 0.644766 0.363636 1.000000
0.157494 -0.894947 0.657354 0.363636 1.000000
0.145596 -0.909497 0.669943 0.363636 1.000000
0.129796 -0.922984 0.682531 0.363636 1.000000
0.110438 -0.934963 0.695119 0.363636 1.000000
0.087990 -0.945012 0.707708 0.363636 1.000000
-0.077895 -0.937860 0.314169 0.378788 1.000000
-0.097830 -0.929070 0.325431 0.378788 1.000000
-0.115062 -0.918565 0.336694 0.378788 1.000000
-0.129172 -0.906704 0.347956 0.378788 1.000000
-0.139842 -0.893865 0.359219 0.378788 1.000000
-0.146862 -0.880435 0.370481 0.378788 1.000000
-0.150124 -0.866789 0.381744 0.378788 1.000000
-0.149614 -0.853279 0.393006 0.378788 1.000000
-0.145412 -0.840229 0.404269 0.378788 1.000000
-0.137676 -0.827932 0.415531 0.378788 1.000000
-0.126641 -0.816640 0.426794 0.378788 1.000000
-0.112604 -0.806573 0.438056 0.378788 1.000000
-0.095925 -0.797914 0.449319 0.378788 1.000000
-0.077011 -0.790813 0.460581 0.378788 1.000000
-0.056312 -0.785387 0.471844 0.378788 1.000000
-0.034314 -0.781722 0.483106 0.378788 1.000000
-0.011526 -0.779875 0.494369 0.378788 1.000000
0.011526 -0.779875 0.505631 0.378788 1.000000
0.034314 -0.781722 0.516894 0.378788 1.000000
0.056312 -0.785387 0.528156 0.378788 1.000000
0.077011 -0.790813 0.539419 0.378788 1.000000
0.095925 -0.797914 0.550681 0.378788 1.000000
0.112604 -0.806573 0.561944 0.378788 1.000000
0.126641 -0.816640 0.573206 0.378788 1.000000
0.137676 -0.827932 0.584469 0.378788 1.000000
0.145412 -0.840229 0.595731 0.378788 1.000000
0.149614 -0.853279 0.606994 0.378788 1.000000
0.150124 -0.866789 0.618256 0.378788 1.000000
0.146862 -0.880435 0.629519 0.378788 1.000000
0.139842 -0.893865 0.640781 0.378788 1.000000
0.129172 -0.906704 0.652044 0.378788 1.000000
0.115062 -0.918565 0.663306 0.378788 1.000000
0.097830 -0.929070 0.674569 0.378788 1.000000
0.077895 -0.937860 0.685831 0.378788 1.000000
-0.067882 -0.930444 0.336466 0.393939 1.000000
-0.085305 -0.922876 0.346377 0.393939 1.000000
-0.100402 -0.913809 0.356288 0.393939 1.000000
-0.112801 -0.903541 0.366199 0.393939 1.000000
-0.122217 -0.892393 0.376111 0.393939 1.000000
-0.128456 -0.880693 0.386022 0.393939 1.000000
-0.131411 -0.868766 0.395933 0.393939 1.000000
-0.131062 -0.856920 0.405844 0.393939 1.000000
-0.127466 -0.845444 0.415755 0.393939 1.000000
-0.120758 -0.834599 0.425666 0.393939 1.000000
-0.111136 -0.824615 0.435578 0.393939 1.000000
-0.098862 -0.815694 0.445489 0.393939 1.000000
-0.084248 -0.808007 0.455400 0.393939 1.000000
-0.067656 -0.801693 0.465311 0.393939 1.000000
-0.049482 -0.796862 0.475222 0.393939 1.000000
-0.030156 -0.793596 0.485133 0.393939 1.000000
-0.010130 -0.791950 0.495044 0.393939 1.000000
0.010130 -0.791950 0.504956 0.393939 1.000000
0.030156 -0.793596 0.514867 0.393939 1.000000
0.049482 -0.796862 0.524778 0.393939 1.000000
0.067656 -0.801693 0.534689 0.393939 1.000000
0.084248 -0.808007 0.544600 0.393939 1.000000
0.098862 -0.815694 0.554511 0.393939 1.000000
0.111136 -0.824615 0.564422 0.393939 1.000000
0.120758 -0.834599 0.574334 0.393939 1.000000
0.127466 -0.845444 0.584245 0.393939 1.000000
0.131062 -0.856920 0.594156 0.393939 1.000000
0.131411 -0.868766 0.604067 0.393939 1.000000
0.128456 -0.880693 0.613978 0.393939 1.000000
0.122217 -0.892393 0.623889 0.393939 1.000000
0.112801 -0.903541 0.633801 0.393939 1.000000
0.100402 -0.913809 0.643712 0.393939 1.000000
0.085305 -0.922876 0.653623 0.393939 1.000000
0.067882 -0.930444 0.663534 0.393939 1.000000
-0.057949 -0.922767 0.359134 0.409091 1.000000
-0.072864 -0.916385 0.367671 0.409091 1.000000
-0.085818 -0.908719 0.376208 0.409091 1.000000
-0.096487 -0.900014 0.384746 0.409091 1.000000
-0.104624 -0.890533 0.393283 0.409091 1.000000
-0.110052 -0.880551 0.401820 0.409091 1.000000
-0.112671 -0.870342 0.410358 0.409091 1.000000
-0.112454 -0.860172 0.418895 0.409091 1.000000
-0.109444 -0.850288 0.427433 0.409091 1.000000
-0.103748 -0.840921 0.435970 0.409091 1.000000
-0.095533 -0.832276 0.444507 0.409091 1.000000
-0.085021 -0.824534 0.453045 0.409091 1.000000
-0.072481 -0.817848 0.461582 0.409091 1.000000
-0.058224 -0.812348 0.470119 0.409091 1.000000
-0.042593 -0.808135 0.478657 0.409091 1.000000
-0.025962 -0.805284 0.487194 0.409091 1.000000
-0.008722 -0.803846 0.495731 0.409091 1.000000
0.008722 -0.803846 0.504269 0.409091 1.000000
0.025962 -0.805284 0.512806 0.409091 1.000000
0.042593 -0.808135 0.521343 0.409091 1.000000
0.058224 -0.812348 0.529881 0.409091 1.000000
0.072481 -0.817848 0.538418 0.409091 1.000000
0.085021 -0.824534 0.546955 0.409091 1.000000
0.095533 -0.832276 0.555493 0.409091 1.000000
0.103748 -0.840921 0.564030 0.409091 1.000000
0.109444 -0.850288 0.572567 0.409091 1.000000
0.112454 -0.860172 0.581105 0.409091 1.000000
0.112671 -0.870342 0.589642 0.409091 1.000000
0.110052 -0.880551 0.598180 0.409091 1.000000
0.104624 -0.890533 0.606717 0.409091 1.000000
0.096487 -0.900014 0.615254 0.409091 1.000000
0.085818 -0.908719 0.623792 0.409091 1.000000
0.072864 -0.916385 0.632329 0.409091 1.000000
0.057949 -0.922767 0.640866 0.409091 1.000000
-0.048095 -0.914833 0.382121 0.424242 1.000000
-0.060508 -0.909600 0.389265 0.424242 1.000000
-0.071311 -0.903299 0.396409 0.424242 1.000000
-0.080235 -0.896125 0.403553 0.424242 1.000000
-0.087067 -0.888288 0.410697 0.424242 1.000000
-0.091656 -0.880011 0.417842 0.424242 1.000000
-0.093909 -0.871519 0.424986 0.424242 1.000000
-0.093798 -0.863031 0.432130 0.424242 1.000000
-0.091350 -0.854758 0.439274 0.424242 1.000000
-0.086650 -0.846894 0.446418 0.424242 1.000000
-0.079834 -0.839618 0.453563 0.424242 1.000000
-0.071084 -0.833086 0.460707 0.424242 1.000000
-0.060624 -0.827434 0.467851 0.424242 1.000000
-0.048714 -0.822777 0.474995 0.424242 1.000000
-0.035645 -0.819204 0.482139 0.424242 1.000000
-0.021730 -0.816785 0.489284 0.424242 1.000000
-0.007301 -0.815564 0.496428 0.424242 1.000000
0.007301 -0.815564 0.503572 0.424242 1.000000
0.021730 -0.816785 0.510716 0.424242 1.000000
0.035645 -0.819204 0.517861 0.424242 1.000000
0.048714 -0.822777 0.525005 0.424242 1.000000
0.060624 -0.827434 0.532149 0.424242 1.000000
0.071084 -0.833086 0.539293 0.424242 1.000000
0.079834 -0.839618 0.546437 0.424242 1.000000
0.086650 -0.846894 0.553582 0.424242 1.000000
0.091350 -0.854758 0.560726 0.424242 1.000000
0.093798 -0.863031 0.567870 0.424242 1.000000
0.093909 -0.871519 0.575014 0.424242 1.000000
0.091656 -0.880011 0.582158 0.424242 1.000000
0.087067 -0.888288 0.589303 0.424242 1.000000
0.080235 -0.896125 0.596447 0.424242 1.000000
0.071311 -0.903299 0.603591 0.424242 1.000000
0.060508 -0.909600 0.610735 0.424242 1.000000
0.048095 -0.914833 0.617879 0.424242 1.000000
-0.038320 -0.906644 0.405374 0.439394 1.000000
-0.048236 -0.902525 0.411109 0.439394 1.000000
-0.056883 -0.897554 0.416844 0.439394 1.000000
-0.064046 -0.891879 0.422579 0.439394 1.000000
-0.069552 -0.885661 0.428314 0.439394 1.000000
-0.073273 -0.879075 0.434049 0.439394 1.000000
-0.075132 -0.872295 0.439784 0.439394 1.000000
-0.075099 -0.865497 0.445519 0.439394 1.000000
-0.073190 -0.858851 0.451253 0.439394 1.000000
-0.069470 -0.852515 0.456988 0.439394 1.000000
-0.064042 -0.846637 0.462723 0.439394 1.000000
-0.057052 -0.841348 0.468458 0.439394 1.000000
-0.048677 -0.836761 0.474193 0.439394 1.000000
-0.039128 -0.832975 0.479928 0.439394 1.000000
-0.028638 -0.830067 0.485663 0.439394 1.000000
-0.017461 -0.828095 0.491398 0.439394 1.000000
-0.005867 -0.827099 0.497133 0.439394 1.000000
0.005867 -0.827099 0.502867 0.439394 1.000000
0.017461 -0.828095 0.508602 0.439394 1.000000
0.028638 -0.830067 0.514337 0.439394 1.000000
0.039128 -0.832975 0.520072 0.439394 1.000000
0.048677 -0.836761 0.525807 0.439394 1.000000
0.057052 -0.841348 0.531542 0.439394 1.000000
0.064042 -0.846637 0.537277 0.439394 1.000000
0.069470 -0.852515 0.543012 0.439394 1.000000
0.073190 -0.858851 0.548747 0.439394 1.000000
0.075099 -0.865497 0.554481 0.439394 1.000000
0.075132 -0.872295 0.560216 0.439394 1.000000
0.073273 -0.879075 0.565951 0.439394 1.000000
0.069552 -0.885661 0.571686 0.439394 1.000000
0.064046 -0.891879 0.577421 0.439394 1.000000
0.056883 -0.897554 0.583156 0.439394 1.000000
0.048236 -0.902525 0.588891 0.439394 1.000000
0.038320 -0.906644 0.594626 0.439394 1.000000
-0.028624 -0.898204 0.428843 0.454545 1.000000
-0.036048 -0.895164 0.433155 0.454545 1.000000
-0.042536 -0.891488 0.437468 0.454545 1.000000
-0.047925 -0.887280 0.441780 0.454545 1.000000
-0.052082 -0.882656 0.446093 0.454545 1.000000
-0.054910 -0.877743 0.450405 0.454545 1.000000
-0.056346 -0.872671 0.454718 0.454545 1.000000
-0.056363 -0.867568 0.459031 0.454545 1.000000
-0.054970 -0.862564 0.463343 0.454545 1.000000
-0.052210 -0.857780 0.467656 0.454545 1.000000
-0.048159 -0.853329 0.471968 0.454545 1.000000
-0.042925 -0.849314 0.476281 0.454545 1.000000
-0.036641 -0.845825 0.480593 0.454545 1.000000
-0.029463 -0.842940 0.484906 0.454545 1.000000
-0.021570 -0.840720 0.489219 0.454545 1.000000
-0.013154 -0.839214 0.493531 0.454545 1.000000
-0.004420 -0.838453 0.497844 0.454545 1.000000
0.004420 -0.838453 0.502156 0.454545 1.000000
0.013154 -0.839214 0.506469 0.454545 1.000000
0.021570 -0.840720 0.510781 0.454545 1.000000
0.029463 -0.842940 0.515094 0.454545 1.000000
0.036641 -0.845825 0.519407 0.454545 1.000000
0.042925 -0.849314 0.523719 0.454545 1.000000
0.048159 -0.853329 0.528032 0.454545 1.000000
0.052210 -0.857780 0.532344 0.454545 1.000000
0.054970 -0.862564 0.536657 0.454545 1.000000
0.056363 -0.867568 0.540969 0.454545 1.000000
0.056346 -0.872671 0.545282 0.454545 1.000000
0.054910 -0.877743 0.549595 0.454545 1.000000
0.052082 -0.882656 0.553907 0.454545 1.000000
0.047925 -0.887280 0.558220 0.454545 1.000000
0.042536 -0.891488 0.562532 0.454545 1.000000
0.036048 -0.895164 0.566845 0.454545 1.000000
0.028624 -0.898204 0.571157 0.454545 1.000000
-0.019005 -0.889514 0.452472 0.469697 1.000000
-0.023946 -0.887521 0.455352 0.469697 1.000000
-0.028273 -0.885104 0.458233 0.469697 1.000000
-0.031875 -0.882331 0.461113 0.469697 1.000000
-0.034664 -0.879276 0.463994 0.469697 1.000000
-0.036574 -0.876019 0.466874 0.469697 1.000000
-0.037558 -0.872647 0.469755 0.469697 1.000000
-0.037597 -0.869243 0.472635 0.469697 1.000000
-0.036694 -0.865896 0.475516 0.469697 1.000000
-0.034875 -0.862685 0.478396 0.469697 1.000000
-0.032189 -0.859690 0.481277 0.469697 1.000000
-0.028707 -0.856981 0.484157 0.469697 1.000000
-0.024515 -0.854623 0.487038 0.469697 1.000000
-0.019721 -0.852668 0.489918 0.469697 1.000000
-0.014442 -0.851162 0.492799 0.469697 1.000000
-0.008809 -0.850139 0.495679 0.469697 1.000000
-0.002960 -0.849622 0.498560 0.469697 1.000000
0.002960 -0.849622 0.501440 0.469697 1.000000
0.008809 -0.850139 0.504321 0.469697 1.000000
0.014442 -0.851162 0.507201 0.469697 1.000000
0.019721 -0.852668 0.510082 0.469697 1.000000
0.024515 -0.854623 0.512962 0.469697 1.000000
0.028707 -0.856981 0.515843 0.469697 1.000000
0.032189 -0.859690 0.518723 0.469697 1.000000
0.034875 -0.862685 0.521604 0.469697 1.000000
0.036694 -0.865896 0.524484 0.469697 1.000000
0.037597 -0.869243 0.527365 0.469697 1.000000
0.037558 -0.872647 0.530245 0.469697 1.000000
0.036574 -0.876019 0.533126 0.469697 1.000000
0.034664 -0.879276 0.536006 0.469697 1.000000
0.031875 -0.882331 0.538887 0.469697 1.000000
0.028273 -0.885104 0.541767 0.469697 1.000000
0.023946 -0.887521 0.544648 0.469697 1.000000
0.019005 -0.889514 0.547528 0.469697 1.000000
-0.009464 -0.880580 0.476209 0.484848 1.000000
-0.011930 -0.879599 0.477651 0.484848 1.000000
-0.014093 -0.878408 0.479093 0.484848 1.000000
-0.015899 -0.877037 0.480535 0.484848 1.000000
-0.017302 -0.875523 0.481977 0.484848 1.000000
-0.018268 -0.873905 0.483418 0.484848 1.000000
-0.018774 -0.872223 0.484860 0.484848 1.000000
-0.018807 -0.870522 0.486302 0.484848 1.000000
-0.018369 -0.868842 0.487744 0.484848 1.000000
-0.017470 -0.867227 0.489186 0.484848 1.000000
-0.016135 -0.865716 0.490628 0.484848 1.000000
-0.014398 -0.864345 0.492070 0.484848 1.000000
-0.012302 -0.863149 0.493512 0.484848 1.000000
-0.009900 -0.862156 0.494953 0.484848 1.000000
-0.007252 -0.861390 0.496395 0.484848 1.000000
-0.004424 -0.860869 0.497837 0.484848 1.000000
-0.001487 -0.860605 0.499279 0.484848 1.000000
0.001487 -0.860605 0.500721 0.484848 1.000000
0.004424 -0.860869 0.502163 0.484848 1.000000
0.007252 -0.861390 0.503605 0.484848 1.000000
0.009900 -0.862156 0.505047 0.484848 1.000000
0.012302 -0.863149 0.506488 0.484848 1.000000
0.014398 -0.864345 0.507930 0.484848 1.000000
0.016135 -0.865716 0.509372 0.484848 1.000000
0.017470 -0.867227 0.510814 0.484848 1.000000
0.018369 -0.868842 0.512256 0.484848 1.000000
0.018807 -0.870522 0.513698 0.484848 1.000000
0.018774 -0.872223 0.515140 0.484848 1.000000
0.018268 -0.873905 0.516582 0.484848 1.000000
0.017302 -0.875523 0.518023 0.484848 1.000000
0.015899 -0.877037 0.519465 0.484848 1.000000
0.014093 -0.878408 0.520907 0.484848 1.000000
0.011930 -0.879599 0.522349 0.484848 1.000000
0.009464 -0.880580 0.523791 0.484848 1.000000
0.000000 -0.871402 0.500000 0.500000 1.000000
0.000000 -0.871402 0.500000 0.500000 1.000000
0.000000 -0.871402 0.500000 0.500000 1.000000
0.000000 -0.871402 0.500000 0.500000 1.000000
0.000000 -0.871402 0.500000 0.500000 1.000000
0.000000 -0.871402 0.500000 0.500000 1.000000
0.000000 -0.871402 0.500000 0.500000 1.000000
0.000000 -0.871402 0.500000 0.500000 1.000000
0.000000 -0.871402 0.500000 0.500000 1.000000
0.000000 -0.871402 0.500000 0.500000 1.000000
0.000000 -0.871402 0.500000 0.500000 1.000000
0.000000 -0.871402 0.500000 0.500000 1.000000
0.000000 -0.871402 0.500000 0.500000 1.000000
0.000000 -0.871402 0.500000 0.500000 1.000000
0.000000 -0.871402 0.500000 0.500000 1.000000
0.000000 -0.871402 0.500000 0.500000 1.000000
0.000000 -0.871402 0.500000 0.500000 1.000000
0.000000 -0.871402 0.500000 0.500000 1.000000
0.000000 -0.871402 0.500000 0.500000 1.000000
0.000000 -0.871402 0.500000 0.500000 1.000000
0.000000 -0.871402 0.500000 0.500000 1.000000
0.000000 -0.871402 0.500000 0.500000 1.000000
0.000000 -0.871402 0.500000 0.500000 1.000000
0.000000 -0.871402 0.500000 0.500000 1.000000
0.000000 -0.871402 0.500000 0.500000 1.000000
0.000000 -0.871402 0.500000 0.500000 1.000000
0.000000 -0.871402 0.500000 0.500000 1.000000
0.000000 -0.871402 0.500000 0.500000 1.000000
0.000000 -0.871402 0.500000 0.500000 1.000000
0.000000 -0.871402 0.500000 0.500000 1.000000
0.000000 -0.871402 0.500000 0.500000 1.000000
0.000000 -0.871402 0.500000 0.500000 1.000000
0.000000 -0.871402 0.500000 0.500000 1.000000
0.000000 -0.871402 0.500000 0.500000 1.000000
